;Time;temp
0;2020-05-17 00:00:00;281.286
1;2020-05-17 01:00:00;281.2785
2;2020-05-17 02:00:00;280.39215
3;2020-05-17 03:00:00;279.55557
4;2020-05-17 04:00:00;279.23846
5;2020-05-17 05:00:00;279.66592
6;2020-05-17 06:00:00;281.48178
7;2020-05-17 07:00:00;283.58356
8;2020-05-17 08:00:00;285.83163
9;2020-05-17 09:00:00;287.36038
10;2020-05-17 10:00:00;288.5516
11;2020-05-17 11:00:00;288.97327
12;2020-05-17 12:00:00;289.0464
13;2020-05-17 13:00:00;290.0671
14;2020-05-17 14:00:00;290.15515
15;2020-05-17 15:00:00;288.65414
16;2020-05-17 16:00:00;287.6373
17;2020-05-17 17:00:00;287.25436
18;2020-05-17 18:00:00;286.93085
19;2020-05-17 19:00:00;285.90256
20;2020-05-17 20:00:00;285.15335
21;2020-05-17 21:00:00;285.16187
22;2020-05-17 22:00:00;284.8677
23;2020-05-17 23:00:00;284.75845
24;2020-05-18 00:00:00;284.66318
25;2020-05-18 01:00:00;284.73648
26;2020-05-18 02:00:00;284.53894
27;2020-05-18 03:00:00;284.3978
28;2020-05-18 04:00:00;284.2727
29;2020-05-18 05:00:00;284.47888
30;2020-05-18 06:00:00;284.60867
31;2020-05-18 07:00:00;284.9985
32;2020-05-18 08:00:00;285.5618
33;2020-05-18 09:00:00;286.96338
34;2020-05-18 10:00:00;287.92786
35;2020-05-18 11:00:00;287.92575
36;2020-05-18 12:00:00;289.2102
37;2020-05-18 13:00:00;290.7892
38;2020-05-18 14:00:00;290.91818
39;2020-05-18 15:00:00;289.83795
40;2020-05-18 16:00:00;288.33728
41;2020-05-18 17:00:00;287.6047
42;2020-05-18 18:00:00;287.50803
43;2020-05-18 19:00:00;286.9242
44;2020-05-18 20:00:00;286.45178
45;2020-05-18 21:00:00;285.5295
46;2020-05-18 22:00:00;285.0745
47;2020-05-18 23:00:00;284.7383
48;2020-05-19 00:00:00;284.4767
49;2020-05-19 01:00:00;284.47638
50;2020-05-19 02:00:00;284.34326
51;2020-05-19 03:00:00;284.3314
52;2020-05-19 04:00:00;284.41022
53;2020-05-19 05:00:00;284.7994
54;2020-05-19 06:00:00;285.56433
55;2020-05-19 07:00:00;286.18488
56;2020-05-19 08:00:00;286.95306
57;2020-05-19 09:00:00;288.48407
58;2020-05-19 10:00:00;288.57434
59;2020-05-19 11:00:00;288.09604
60;2020-05-19 12:00:00;289.41098
61;2020-05-19 13:00:00;289.39886
62;2020-05-19 14:00:00;289.3525
63;2020-05-19 15:00:00;288.9135
64;2020-05-19 16:00:00;288.20068
65;2020-05-19 17:00:00;287.39185
66;2020-05-19 18:00:00;287.0794
67;2020-05-19 19:00:00;286.1697
68;2020-05-19 20:00:00;285.41473
69;2020-05-19 21:00:00;284.31366
70;2020-05-19 22:00:00;283.35477
71;2020-05-19 23:00:00;282.66684
72;2020-05-20 00:00:00;281.99496
73;2020-05-20 01:00:00;281.15503
74;2020-05-20 02:00:00;280.7337
75;2020-05-20 03:00:00;280.17407
76;2020-05-20 04:00:00;279.97998
77;2020-05-20 05:00:00;280.5178
78;2020-05-20 06:00:00;282.70224
79;2020-05-20 07:00:00;284.57645
80;2020-05-20 08:00:00;286.89468
81;2020-05-20 09:00:00;287.5478
82;2020-05-20 10:00:00;287.39795
83;2020-05-20 11:00:00;287.8228
84;2020-05-20 12:00:00;291.34872
85;2020-05-20 13:00:00;292.00595
86;2020-05-20 14:00:00;292.23965
87;2020-05-20 15:00:00;292.03458
88;2020-05-20 16:00:00;291.62756
89;2020-05-20 17:00:00;291.1291
90;2020-05-20 18:00:00;289.9917
91;2020-05-20 19:00:00;289.19647
92;2020-05-20 20:00:00;287.67477
93;2020-05-20 21:00:00;286.46378
94;2020-05-20 22:00:00;285.4649
95;2020-05-20 23:00:00;284.2385
96;2020-05-21 00:00:00;283.3915
97;2020-05-21 01:00:00;283.1706
98;2020-05-21 02:00:00;282.6628
99;2020-05-21 03:00:00;283.20935
100;2020-05-21 04:00:00;283.33105
101;2020-05-21 05:00:00;283.43942
102;2020-05-21 06:00:00;285.0091
103;2020-05-21 07:00:00;286.79684
104;2020-05-21 08:00:00;288.76923
105;2020-05-21 09:00:00;290.88226
106;2020-05-21 10:00:00;292.0761
107;2020-05-21 11:00:00;293.3002
108;2020-05-21 12:00:00;294.38675
109;2020-05-21 13:00:00;294.26462
110;2020-05-21 14:00:00;294.80823
111;2020-05-21 15:00:00;294.28403
112;2020-05-21 16:00:00;294.08322
113;2020-05-21 17:00:00;292.9785
114;2020-05-21 18:00:00;291.99365
115;2020-05-21 19:00:00;290.44397
116;2020-05-21 20:00:00;288.83835
117;2020-05-21 21:00:00;287.54648
118;2020-05-21 22:00:00;286.57654
119;2020-05-21 23:00:00;285.8376
120;2020-05-22 00:00:00;285.1768
121;2020-05-22 01:00:00;284.38306
122;2020-05-22 02:00:00;283.9437
123;2020-05-22 03:00:00;283.66248
124;2020-05-22 04:00:00;283.56522
125;2020-05-22 05:00:00;284.6181
126;2020-05-22 06:00:00;286.53836
127;2020-05-22 07:00:00;288.78503
128;2020-05-22 08:00:00;291.14954
129;2020-05-22 09:00:00;293.0965
130;2020-05-22 10:00:00;294.03958
131;2020-05-22 11:00:00;293.4569
132;2020-05-22 12:00:00;292.729
133;2020-05-22 13:00:00;292.7864
134;2020-05-22 14:00:00;292.5325
135;2020-05-22 15:00:00;292.11484
136;2020-05-22 16:00:00;291.923
137;2020-05-22 17:00:00;291.08917
138;2020-05-22 18:00:00;289.81293
139;2020-05-22 19:00:00;289.44458
140;2020-05-22 20:00:00;289.71008
141;2020-05-22 21:00:00;288.6043
142;2020-05-22 22:00:00;287.94086
143;2020-05-22 23:00:00;287.56155
144;2020-05-23 00:00:00;287.32736
145;2020-05-23 01:00:00;287.15167
146;2020-05-23 02:00:00;286.48273
147;2020-05-23 03:00:00;286.0589
148;2020-05-23 04:00:00;285.73785
149;2020-05-23 05:00:00;285.61752
150;2020-05-23 06:00:00;285.83942
151;2020-05-23 07:00:00;286.47516
152;2020-05-23 08:00:00;287.51077
153;2020-05-23 09:00:00;288.9645
154;2020-05-23 10:00:00;289.52902
155;2020-05-23 11:00:00;289.97568
156;2020-05-23 12:00:00;289.54608
157;2020-05-23 13:00:00;289.46332
158;2020-05-23 14:00:00;289.08902
159;2020-05-23 15:00:00;289.6246
160;2020-05-23 16:00:00;289.2948
161;2020-05-23 17:00:00;287.4432
162;2020-05-23 18:00:00;285.9154
163;2020-05-23 19:00:00;285.5244
164;2020-05-23 20:00:00;284.96783
165;2020-05-23 21:00:00;285.06653
166;2020-05-23 22:00:00;284.627
167;2020-05-23 23:00:00;284.08295
168;2020-05-24 00:00:00;283.85587
169;2020-05-24 01:00:00;283.9498
170;2020-05-24 02:00:00;283.81522
171;2020-05-24 03:00:00;283.92487
172;2020-05-24 04:00:00;283.6545
173;2020-05-24 05:00:00;284.1698
174;2020-05-24 06:00:00;284.84186
175;2020-05-24 07:00:00;285.89606
176;2020-05-24 08:00:00;287.5011
177;2020-05-24 09:00:00;287.39578
178;2020-05-24 10:00:00;287.9991
179;2020-05-24 11:00:00;289.65024
180;2020-05-24 12:00:00;287.1052
181;2020-05-24 13:00:00;288.27637
182;2020-05-24 14:00:00;288.77835
183;2020-05-24 15:00:00;289.31216
184;2020-05-24 16:00:00;288.3789
185;2020-05-24 17:00:00;287.23907
186;2020-05-24 18:00:00;285.92126
187;2020-05-24 19:00:00;285.03308
188;2020-05-24 20:00:00;284.1169
189;2020-05-24 21:00:00;283.86874
190;2020-05-24 22:00:00;283.4543
191;2020-05-24 23:00:00;283.88666
192;2020-05-25 00:00:00;284.09113
193;2020-05-25 01:00:00;283.8868
194;2020-05-25 02:00:00;283.3958
195;2020-05-25 03:00:00;283.4576
196;2020-05-25 04:00:00;283.6791
197;2020-05-25 05:00:00;283.7442
198;2020-05-25 06:00:00;284.19308
199;2020-05-25 07:00:00;284.80276
200;2020-05-25 08:00:00;285.30923
201;2020-05-25 09:00:00;285.5413
202;2020-05-25 10:00:00;286.93378
203;2020-05-25 11:00:00;288.16293
204;2020-05-25 12:00:00;288.5292
205;2020-05-25 13:00:00;287.92517
206;2020-05-25 14:00:00;287.50522
207;2020-05-25 15:00:00;286.79727
208;2020-05-25 16:00:00;286.5048
209;2020-05-25 17:00:00;285.95834
210;2020-05-25 18:00:00;284.8578
211;2020-05-25 19:00:00;283.38242
212;2020-05-25 20:00:00;282.2822
213;2020-05-25 21:00:00;281.7775
214;2020-05-25 22:00:00;281.37268
215;2020-05-25 23:00:00;281.6615
216;2020-05-26 00:00:00;281.438
217;2020-05-26 01:00:00;280.44223
218;2020-05-26 02:00:00;279.84976
219;2020-05-26 03:00:00;279.615
220;2020-05-26 04:00:00;279.6179
221;2020-05-26 05:00:00;280.5501
222;2020-05-26 06:00:00;282.15118
223;2020-05-26 07:00:00;283.79175
224;2020-05-26 08:00:00;285.95685
225;2020-05-26 09:00:00;288.53775
226;2020-05-26 10:00:00;289.82385
227;2020-05-26 11:00:00;291.09894
228;2020-05-26 12:00:00;292.0109
229;2020-05-26 13:00:00;292.27655
230;2020-05-26 14:00:00;292.5543
231;2020-05-26 15:00:00;292.9851
232;2020-05-26 16:00:00;292.53378
233;2020-05-26 17:00:00;291.95523
234;2020-05-26 18:00:00;291.0682
235;2020-05-26 19:00:00;288.49088
236;2020-05-26 20:00:00;287.06668
237;2020-05-26 21:00:00;286.3039
238;2020-05-26 22:00:00;285.40555
239;2020-05-26 23:00:00;284.71716
240;2020-05-27 00:00:00;283.68765
241;2020-05-27 01:00:00;283.17487
242;2020-05-27 02:00:00;282.6905
243;2020-05-27 03:00:00;282.59598
244;2020-05-27 04:00:00;282.30267
245;2020-05-27 05:00:00;283.05045
246;2020-05-27 06:00:00;285.07675
247;2020-05-27 07:00:00;286.37393
248;2020-05-27 08:00:00;288.18198
249;2020-05-27 09:00:00;290.92502
250;2020-05-27 10:00:00;291.79468
251;2020-05-27 11:00:00;292.2643
252;2020-05-27 12:00:00;293.13287
253;2020-05-27 13:00:00;293.10275
254;2020-05-27 14:00:00;292.803
255;2020-05-27 15:00:00;291.94214
256;2020-05-27 16:00:00;290.59518
257;2020-05-27 17:00:00;289.33685
258;2020-05-27 18:00:00;288.7866
259;2020-05-27 19:00:00;288.2899
260;2020-05-27 20:00:00;286.798
261;2020-05-27 21:00:00;285.13202
262;2020-05-27 22:00:00;283.9216
263;2020-05-27 23:00:00;282.7699
264;2020-05-28 00:00:00;281.5618
265;2020-05-28 01:00:00;280.68192
266;2020-05-28 02:00:00;279.8561
267;2020-05-28 03:00:00;279.362
268;2020-05-28 04:00:00;279.32492
269;2020-05-28 05:00:00;280.28442
270;2020-05-28 06:00:00;282.04092
271;2020-05-28 07:00:00;283.82373
272;2020-05-28 08:00:00;285.88907
273;2020-05-28 09:00:00;288.38306
274;2020-05-28 10:00:00;289.56293
275;2020-05-28 11:00:00;290.82886
276;2020-05-28 12:00:00;291.0831
277;2020-05-28 13:00:00;291.0813
278;2020-05-28 14:00:00;292.15714
279;2020-05-28 15:00:00;291.49738
280;2020-05-28 16:00:00;290.56897
281;2020-05-28 17:00:00;289.32486
282;2020-05-28 18:00:00;288.70728
283;2020-05-28 19:00:00;286.6937
284;2020-05-28 20:00:00;285.20288
285;2020-05-28 21:00:00;283.51312
286;2020-05-28 22:00:00;282.31287
287;2020-05-28 23:00:00;281.6492
288;2020-05-29 00:00:00;280.98346
289;2020-05-29 01:00:00;280.5315
290;2020-05-29 02:00:00;280.21973
291;2020-05-29 03:00:00;279.515
292;2020-05-29 04:00:00;279.58557
293;2020-05-29 05:00:00;280.4682
294;2020-05-29 06:00:00;282.3659
295;2020-05-29 07:00:00;284.78244
296;2020-05-29 08:00:00;287.4019
297;2020-05-29 09:00:00;290.51624
298;2020-05-29 10:00:00;291.6047
299;2020-05-29 11:00:00;292.7148
300;2020-05-29 12:00:00;293.76178
301;2020-05-29 13:00:00;293.418
302;2020-05-29 14:00:00;293.415
303;2020-05-29 15:00:00;293.8745
304;2020-05-29 16:00:00;292.73563
305;2020-05-29 17:00:00;292.34613
306;2020-05-29 18:00:00;290.60617
307;2020-05-29 19:00:00;288.796
308;2020-05-29 20:00:00;287.10565
309;2020-05-29 21:00:00;285.5466
310;2020-05-29 22:00:00;284.3861
311;2020-05-29 23:00:00;283.0606
312;2020-05-30 00:00:00;282.34732
313;2020-05-30 01:00:00;281.5009
314;2020-05-30 02:00:00;281.1023
315;2020-05-30 03:00:00;281.10828
316;2020-05-30 04:00:00;281.19324
317;2020-05-30 05:00:00;282.14285
318;2020-05-30 06:00:00;284.26346
319;2020-05-30 07:00:00;286.34567
320;2020-05-30 08:00:00;288.3526
321;2020-05-30 09:00:00;290.8845
322;2020-05-30 10:00:00;292.26276
323;2020-05-30 11:00:00;292.14578
324;2020-05-30 12:00:00;292.3754
325;2020-05-30 13:00:00;292.88528
326;2020-05-30 14:00:00;292.25967
327;2020-05-30 15:00:00;292.52676
328;2020-05-30 16:00:00;291.64847
329;2020-05-30 17:00:00;290.43863
330;2020-05-30 18:00:00;289.47073
331;2020-05-30 19:00:00;288.58624
332;2020-05-30 20:00:00;287.92657
333;2020-05-30 21:00:00;287.27438
334;2020-05-30 22:00:00;286.43475
335;2020-05-30 23:00:00;285.8909
336;2020-05-31 00:00:00;285.09143
337;2020-05-31 01:00:00;285.09628
338;2020-05-31 02:00:00;284.8617
339;2020-05-31 03:00:00;284.20633
340;2020-05-31 04:00:00;284.3541
341;2020-05-31 05:00:00;285.0924
342;2020-05-31 06:00:00;286.42422
343;2020-05-31 07:00:00;287.43872
344;2020-05-31 08:00:00;288.76263
345;2020-05-31 09:00:00;289.61575
346;2020-05-31 10:00:00;290.41367
347;2020-05-31 11:00:00;291.46094
348;2020-05-31 12:00:00;292.61978
349;2020-05-31 13:00:00;292.629
350;2020-05-31 14:00:00;292.41913
351;2020-05-31 15:00:00;292.20105
352;2020-05-31 16:00:00;291.72006
353;2020-05-31 17:00:00;290.50116
354;2020-05-31 18:00:00;289.92114
355;2020-05-31 19:00:00;288.56158
356;2020-05-31 20:00:00;287.05612
357;2020-05-31 21:00:00;286.05887
358;2020-05-31 22:00:00;284.90802
359;2020-05-31 23:00:00;283.77835
360;2020-06-01 00:00:00;283.00443
361;2020-06-01 01:00:00;282.1331
362;2020-06-01 02:00:00;281.438
363;2020-06-01 03:00:00;280.7019
364;2020-06-01 04:00:00;280.6322
365;2020-06-01 05:00:00;281.84204
366;2020-06-01 06:00:00;284.3012
367;2020-06-01 07:00:00;286.686
368;2020-06-01 08:00:00;288.80133
369;2020-06-01 09:00:00;290.82144
370;2020-06-01 10:00:00;292.25116
371;2020-06-01 11:00:00;293.5766
372;2020-06-01 12:00:00;295.36688
373;2020-06-01 13:00:00;295.21292
374;2020-06-01 14:00:00;295.3922
375;2020-06-01 15:00:00;295.35004
376;2020-06-01 16:00:00;294.48563
377;2020-06-01 17:00:00;293.33026
378;2020-06-01 18:00:00;292.48862
379;2020-06-01 19:00:00;290.68365
380;2020-06-01 20:00:00;288.66852
381;2020-06-01 21:00:00;287.68256
382;2020-06-01 22:00:00;286.51257
383;2020-06-01 23:00:00;285.57596
384;2020-06-02 00:00:00;285.00912
385;2020-06-02 01:00:00;284.36227
386;2020-06-02 02:00:00;284.399
387;2020-06-02 03:00:00;283.2908
388;2020-06-02 04:00:00;283.10684
389;2020-06-02 05:00:00;284.0589
390;2020-06-02 06:00:00;286.4955
391;2020-06-02 07:00:00;288.7839
392;2020-06-02 08:00:00;291.16238
393;2020-06-02 09:00:00;294.12552
394;2020-06-02 10:00:00;295.27008
395;2020-06-02 11:00:00;296.4976
396;2020-06-02 12:00:00;297.75052
397;2020-06-02 13:00:00;297.4931
398;2020-06-02 14:00:00;298.04996
399;2020-06-02 15:00:00;298.37567
400;2020-06-02 16:00:00;297.31955
401;2020-06-02 17:00:00;296.5274
402;2020-06-02 18:00:00;296.35315
403;2020-06-02 19:00:00;293.96472
404;2020-06-02 20:00:00;292.1837
405;2020-06-02 21:00:00;290.9223
406;2020-06-02 22:00:00;289.93292
407;2020-06-02 23:00:00;289.09122
408;2020-06-03 00:00:00;288.87888
409;2020-06-03 01:00:00;288.51953
410;2020-06-03 02:00:00;288.08603
411;2020-06-03 03:00:00;287.92102
412;2020-06-03 04:00:00;287.90695
413;2020-06-03 05:00:00;288.48862
414;2020-06-03 06:00:00;289.73923
415;2020-06-03 07:00:00;290.75592
416;2020-06-03 08:00:00;292.11154
417;2020-06-03 09:00:00;293.6774
418;2020-06-03 10:00:00;294.91016
419;2020-06-03 11:00:00;296.0896
420;2020-06-03 12:00:00;297.86752
421;2020-06-03 13:00:00;298.02823
422;2020-06-03 14:00:00;294.76282
423;2020-06-03 15:00:00;292.24585
424;2020-06-03 16:00:00;291.3739
425;2020-06-03 17:00:00;290.67435
426;2020-06-03 18:00:00;291.0836
427;2020-06-03 19:00:00;289.9542
428;2020-06-03 20:00:00;289.15076
429;2020-06-03 21:00:00;289.0239
430;2020-06-03 22:00:00;288.72275
431;2020-06-03 23:00:00;288.60242
432;2020-06-04 00:00:00;288.0268
433;2020-06-04 01:00:00;287.7474
434;2020-06-04 02:00:00;287.52972
435;2020-06-04 03:00:00;287.4344
436;2020-06-04 04:00:00;287.36212
437;2020-06-04 05:00:00;287.7926
438;2020-06-04 06:00:00;288.54828
439;2020-06-04 07:00:00;289.5449
440;2020-06-04 08:00:00;290.41797
441;2020-06-04 09:00:00;292.13196
442;2020-06-04 10:00:00;292.108
443;2020-06-04 11:00:00;291.47815
444;2020-06-04 12:00:00;290.46896
445;2020-06-04 13:00:00;290.38455
446;2020-06-04 14:00:00;289.83646
447;2020-06-04 15:00:00;289.15503
448;2020-06-04 16:00:00;288.81512
449;2020-06-04 17:00:00;288.17032
450;2020-06-04 18:00:00;287.40628
451;2020-06-04 19:00:00;285.10016
452;2020-06-04 20:00:00;284.37482
453;2020-06-04 21:00:00;284.2678
454;2020-06-04 22:00:00;284.443
455;2020-06-04 23:00:00;284.14664
456;2020-06-05 00:00:00;283.94662
457;2020-06-05 01:00:00;283.18558
458;2020-06-05 02:00:00;282.8734
459;2020-06-05 03:00:00;282.92972
460;2020-06-05 04:00:00;282.95602
461;2020-06-05 05:00:00;283.06454
462;2020-06-05 06:00:00;283.64658
463;2020-06-05 07:00:00;284.45544
464;2020-06-05 08:00:00;285.33072
465;2020-06-05 09:00:00;286.74142
466;2020-06-05 10:00:00;286.94482
467;2020-06-05 11:00:00;287.2132
468;2020-06-05 12:00:00;288.5475
469;2020-06-05 13:00:00;288.54065
470;2020-06-05 14:00:00;288.6409
471;2020-06-05 15:00:00;289.36017
472;2020-06-05 16:00:00;287.67023
473;2020-06-05 17:00:00;285.0565
474;2020-06-05 18:00:00;284.1768
475;2020-06-05 19:00:00;283.31244
476;2020-06-05 20:00:00;283.52084
477;2020-06-05 21:00:00;282.93423
478;2020-06-05 22:00:00;282.3369
479;2020-06-05 23:00:00;281.83704
480;2020-06-06 00:00:00;280.99164
481;2020-06-06 01:00:00;280.85577
482;2020-06-06 02:00:00;280.46704
483;2020-06-06 03:00:00;280.4457
484;2020-06-06 04:00:00;280.60663
485;2020-06-06 05:00:00;281.3484
486;2020-06-06 06:00:00;282.21802
487;2020-06-06 07:00:00;283.50708
488;2020-06-06 08:00:00;285.028
489;2020-06-06 09:00:00;286.34958
490;2020-06-06 10:00:00;287.97406
491;2020-06-06 11:00:00;288.8802
492;2020-06-06 12:00:00;289.02496
493;2020-06-06 13:00:00;288.6531
494;2020-06-06 14:00:00;287.5518
495;2020-06-06 15:00:00;287.35095
496;2020-06-06 16:00:00;288.3098
497;2020-06-06 17:00:00;286.4121
498;2020-06-06 18:00:00;286.32867
499;2020-06-06 19:00:00;285.46783
500;2020-06-06 20:00:00;284.71945
501;2020-06-06 21:00:00;284.47614
502;2020-06-06 22:00:00;284.5861
503;2020-06-06 23:00:00;284.6924
504;2020-06-07 00:00:00;284.21188
505;2020-06-07 01:00:00;283.5343
506;2020-06-07 02:00:00;283.70438
507;2020-06-07 03:00:00;283.38666
508;2020-06-07 04:00:00;283.71924
509;2020-06-07 05:00:00;283.8821
510;2020-06-07 06:00:00;285.07068
511;2020-06-07 07:00:00;286.43546
512;2020-06-07 08:00:00;286.20615
513;2020-06-07 09:00:00;287.77856
514;2020-06-07 10:00:00;288.9252
515;2020-06-07 11:00:00;289.86023
516;2020-06-07 12:00:00;289.5268
517;2020-06-07 13:00:00;288.9782
518;2020-06-07 14:00:00;290.2292
519;2020-06-07 15:00:00;286.56436
520;2020-06-07 16:00:00;288.60974
521;2020-06-07 17:00:00;288.05518
522;2020-06-07 18:00:00;287.8226
523;2020-06-07 19:00:00;286.81296
524;2020-06-07 20:00:00;286.43134
525;2020-06-07 21:00:00;285.98325
526;2020-06-07 22:00:00;285.6873
527;2020-06-07 23:00:00;285.55008
528;2020-06-08 00:00:00;285.3267
529;2020-06-08 01:00:00;284.8387
530;2020-06-08 02:00:00;284.01862
531;2020-06-08 03:00:00;283.48267
532;2020-06-08 04:00:00;283.99725
533;2020-06-08 05:00:00;284.60184
534;2020-06-08 06:00:00;285.4494
535;2020-06-08 07:00:00;286.73157
536;2020-06-08 08:00:00;287.8053
537;2020-06-08 09:00:00;288.06946
538;2020-06-08 10:00:00;289.68976
539;2020-06-08 11:00:00;289.5758
540;2020-06-08 12:00:00;291.86096
541;2020-06-08 13:00:00;291.6272
542;2020-06-08 14:00:00;292.00897
543;2020-06-08 15:00:00;290.49966
544;2020-06-08 16:00:00;288.37805
545;2020-06-08 17:00:00;288.7729
546;2020-06-08 18:00:00;287.93878
547;2020-06-08 19:00:00;287.06653
548;2020-06-08 20:00:00;286.74567
549;2020-06-08 21:00:00;286.37872
550;2020-06-08 22:00:00;285.25183
551;2020-06-08 23:00:00;284.29025
552;2020-06-09 00:00:00;283.19742
553;2020-06-09 01:00:00;282.8535
554;2020-06-09 02:00:00;282.66064
555;2020-06-09 03:00:00;282.21448
556;2020-06-09 04:00:00;281.90826
557;2020-06-09 05:00:00;282.61584
558;2020-06-09 06:00:00;283.8597
559;2020-06-09 07:00:00;285.7308
560;2020-06-09 08:00:00;287.3541
561;2020-06-09 09:00:00;289.0458
562;2020-06-09 10:00:00;290.12686
563;2020-06-09 11:00:00;290.64224
564;2020-06-09 12:00:00;291.5622
565;2020-06-09 13:00:00;291.74768
566;2020-06-09 14:00:00;291.35452
567;2020-06-09 15:00:00;292.3641
568;2020-06-09 16:00:00;291.65002
569;2020-06-09 17:00:00;290.33945
570;2020-06-09 18:00:00;290.52536
571;2020-06-09 19:00:00;289.18845
572;2020-06-09 20:00:00;288.08582
573;2020-06-09 21:00:00;287.40097
574;2020-06-09 22:00:00;286.77393
575;2020-06-09 23:00:00;286.3153
576;2020-06-10 00:00:00;285.70572
577;2020-06-10 01:00:00;285.20947
578;2020-06-10 02:00:00;284.9601
579;2020-06-10 03:00:00;284.83066
580;2020-06-10 04:00:00;284.96268
581;2020-06-10 05:00:00;285.50482
582;2020-06-10 06:00:00;286.07855
583;2020-06-10 07:00:00;287.1734
584;2020-06-10 08:00:00;288.79358
585;2020-06-10 09:00:00;290.36578
586;2020-06-10 10:00:00;291.2916
587;2020-06-10 11:00:00;292.42004
588;2020-06-10 12:00:00;293.73962
589;2020-06-10 13:00:00;294.36777
590;2020-06-10 14:00:00;293.43948
591;2020-06-10 15:00:00;293.94293
592;2020-06-10 16:00:00;292.83105
593;2020-06-10 17:00:00;291.74738
594;2020-06-10 18:00:00;291.0216
595;2020-06-10 19:00:00;289.77945
596;2020-06-10 20:00:00;288.8838
597;2020-06-10 21:00:00;288.5915
598;2020-06-10 22:00:00;287.9467
599;2020-06-10 23:00:00;287.5296
600;2020-06-11 00:00:00;287.53314
601;2020-06-11 01:00:00;287.1032
602;2020-06-11 02:00:00;286.77014
603;2020-06-11 03:00:00;286.60944
604;2020-06-11 04:00:00;286.46173
605;2020-06-11 05:00:00;286.54056
606;2020-06-11 06:00:00;286.9948
607;2020-06-11 07:00:00;286.7511
608;2020-06-11 08:00:00;287.3718
609;2020-06-11 09:00:00;288.4311
610;2020-06-11 10:00:00;288.2399
611;2020-06-11 11:00:00;287.7403
612;2020-06-11 12:00:00;287.52747
613;2020-06-11 13:00:00;288.1398
614;2020-06-11 14:00:00;288.87
615;2020-06-11 15:00:00;288.64355
616;2020-06-11 16:00:00;288.31256
617;2020-06-11 17:00:00;288.46478
618;2020-06-11 18:00:00;289.76855
619;2020-06-11 19:00:00;289.18164
620;2020-06-11 20:00:00;288.51486
621;2020-06-11 21:00:00;288.18115
622;2020-06-11 22:00:00;287.78143
623;2020-06-11 23:00:00;287.61853
624;2020-06-12 00:00:00;287.59085
625;2020-06-12 01:00:00;287.3247
626;2020-06-12 02:00:00;287.12772
627;2020-06-12 03:00:00;287.322
628;2020-06-12 04:00:00;287.43207
629;2020-06-12 05:00:00;287.72076
630;2020-06-12 06:00:00;287.89685
631;2020-06-12 07:00:00;288.9554
632;2020-06-12 08:00:00;289.42987
633;2020-06-12 09:00:00;291.28314
634;2020-06-12 10:00:00;292.9438
635;2020-06-12 11:00:00;294.2046
636;2020-06-12 12:00:00;295.12067
637;2020-06-12 13:00:00;295.67108
638;2020-06-12 14:00:00;296.60767
639;2020-06-12 15:00:00;296.8443
640;2020-06-12 16:00:00;296.6378
641;2020-06-12 17:00:00;296.02228
642;2020-06-12 18:00:00;293.83307
643;2020-06-12 19:00:00;291.9894
644;2020-06-12 20:00:00;290.4264
645;2020-06-12 21:00:00;290.67285
646;2020-06-12 22:00:00;289.8837
647;2020-06-12 23:00:00;289.32138
648;2020-06-13 00:00:00;289.64438
649;2020-06-13 01:00:00;289.60132
650;2020-06-13 02:00:00;289.44217
651;2020-06-13 03:00:00;289.4595
652;2020-06-13 04:00:00;289.3763
653;2020-06-13 05:00:00;289.5791
654;2020-06-13 06:00:00;290.60355
655;2020-06-13 07:00:00;291.36502
656;2020-06-13 08:00:00;291.6034
657;2020-06-13 09:00:00;291.5969
658;2020-06-13 10:00:00;292.08945
659;2020-06-13 11:00:00;292.72174
660;2020-06-13 12:00:00;292.94852
661;2020-06-13 13:00:00;292.96854
662;2020-06-13 14:00:00;294.51892
663;2020-06-13 15:00:00;295.28986
664;2020-06-13 16:00:00;293.5929
665;2020-06-13 17:00:00;293.06284
666;2020-06-13 18:00:00;292.02863
667;2020-06-13 19:00:00;290.9174
668;2020-06-13 20:00:00;290.43817
669;2020-06-13 21:00:00;290.40295
670;2020-06-13 22:00:00;289.69983
671;2020-06-13 23:00:00;289.62378
672;2020-06-14 00:00:00;289.0412
673;2020-06-14 01:00:00;287.77145
674;2020-06-14 02:00:00;287.99982
675;2020-06-14 03:00:00;288.2417
676;2020-06-14 04:00:00;288.30374
677;2020-06-14 05:00:00;288.33026
678;2020-06-14 06:00:00;288.63184
679;2020-06-14 07:00:00;288.88812
680;2020-06-14 08:00:00;289.49066
681;2020-06-14 09:00:00;289.56903
682;2020-06-14 10:00:00;290.54276
683;2020-06-14 11:00:00;290.64438
684;2020-06-14 12:00:00;289.96826
685;2020-06-14 13:00:00;290.3644
686;2020-06-14 14:00:00;291.3572
687;2020-06-14 15:00:00;293.4473
688;2020-06-14 16:00:00;294.2778
689;2020-06-14 17:00:00;293.24826
690;2020-06-14 18:00:00;292.178
691;2020-06-14 19:00:00;291.41217
692;2020-06-14 20:00:00;290.1487
693;2020-06-14 21:00:00;289.21902
694;2020-06-14 22:00:00;288.40848
695;2020-06-14 23:00:00;287.4887
696;2020-06-15 00:00:00;286.0947
697;2020-06-15 01:00:00;285.41754
698;2020-06-15 02:00:00;284.83984
699;2020-06-15 03:00:00;283.7081
700;2020-06-15 04:00:00;283.6879
701;2020-06-15 05:00:00;284.5478
702;2020-06-15 06:00:00;286.3583
703;2020-06-15 07:00:00;288.2226
704;2020-06-15 08:00:00;290.1313
705;2020-06-15 09:00:00;292.48926
706;2020-06-15 10:00:00;293.92062
707;2020-06-15 11:00:00;294.82104
708;2020-06-15 12:00:00;296.15173
709;2020-06-15 13:00:00;295.21262
710;2020-06-15 14:00:00;296.10217
711;2020-06-15 15:00:00;296.4693
712;2020-06-15 16:00:00;295.08972
713;2020-06-15 17:00:00;293.8142
714;2020-06-15 18:00:00;292.68835
715;2020-06-15 19:00:00;291.0731
716;2020-06-15 20:00:00;289.88205
717;2020-06-15 21:00:00;289.75208
718;2020-06-15 22:00:00;288.9514
719;2020-06-15 23:00:00;288.2929
720;2020-06-16 00:00:00;286.96274
721;2020-06-16 01:00:00;286.80203
722;2020-06-16 02:00:00;286.32074
723;2020-06-16 03:00:00;285.33545
724;2020-06-16 04:00:00;285.15262
725;2020-06-16 05:00:00;286.1119
726;2020-06-16 06:00:00;287.99338
727;2020-06-16 07:00:00;289.86923
728;2020-06-16 08:00:00;291.88367
729;2020-06-16 09:00:00;294.45117
730;2020-06-16 10:00:00;295.66257
731;2020-06-16 11:00:00;296.8832
732;2020-06-16 12:00:00;298.09714
733;2020-06-16 13:00:00;297.88202
734;2020-06-16 14:00:00;297.51282
735;2020-06-16 15:00:00;297.19363
736;2020-06-16 16:00:00;296.5837
737;2020-06-16 17:00:00;295.61035
738;2020-06-16 18:00:00;294.65256
739;2020-06-16 19:00:00;293.2153
740;2020-06-16 20:00:00;291.87906
741;2020-06-16 21:00:00;291.56125
742;2020-06-16 22:00:00;290.86685
743;2020-06-16 23:00:00;289.85092
744;2020-06-17 00:00:00;288.77533
745;2020-06-17 01:00:00;288.54266
746;2020-06-17 02:00:00;288.23764
747;2020-06-17 03:00:00;287.7169
748;2020-06-17 04:00:00;287.68027
749;2020-06-17 05:00:00;288.6578
750;2020-06-17 06:00:00;290.41525
751;2020-06-17 07:00:00;291.99753
752;2020-06-17 08:00:00;293.95096
753;2020-06-17 09:00:00;297.0059
754;2020-06-17 10:00:00;297.82425
755;2020-06-17 11:00:00;296.24
756;2020-06-17 12:00:00;299.03
757;2020-06-17 13:00:00;300.18863
758;2020-06-17 14:00:00;299.53165
759;2020-06-17 15:00:00;299.41504
760;2020-06-17 16:00:00;298.76337
761;2020-06-17 17:00:00;296.9209
762;2020-06-17 18:00:00;296.0024
763;2020-06-17 19:00:00;293.94107
764;2020-06-17 20:00:00;292.22565
765;2020-06-17 21:00:00;291.12592
766;2020-06-17 22:00:00;290.0
767;2020-06-17 23:00:00;289.27493
768;2020-06-18 00:00:00;288.66678
769;2020-06-18 01:00:00;288.237
770;2020-06-18 02:00:00;287.5806
771;2020-06-18 03:00:00;287.0998
772;2020-06-18 04:00:00;287.1796
773;2020-06-18 05:00:00;288.03293
774;2020-06-18 06:00:00;289.6889
775;2020-06-18 07:00:00;291.14023
776;2020-06-18 08:00:00;292.60934
777;2020-06-18 09:00:00;294.90402
778;2020-06-18 10:00:00;296.03625
779;2020-06-18 11:00:00;296.6518
780;2020-06-18 12:00:00;298.07736
781;2020-06-18 13:00:00;298.0189
782;2020-06-18 14:00:00;298.16907
783;2020-06-18 15:00:00;297.10944
784;2020-06-18 16:00:00;293.87503
785;2020-06-18 17:00:00;293.38858
786;2020-06-18 18:00:00;292.0755
787;2020-06-18 19:00:00;291.5625
788;2020-06-18 20:00:00;291.14536
789;2020-06-18 21:00:00;290.92856
790;2020-06-18 22:00:00;290.4287
791;2020-06-18 23:00:00;289.97107
792;2020-06-19 00:00:00;289.80573
793;2020-06-19 01:00:00;289.37726
794;2020-06-19 02:00:00;289.21497
795;2020-06-19 03:00:00;289.33743
796;2020-06-19 04:00:00;288.7745
797;2020-06-19 05:00:00;288.68512
798;2020-06-19 06:00:00;288.84174
799;2020-06-19 07:00:00;288.335
800;2020-06-19 08:00:00;288.6896
801;2020-06-19 09:00:00;288.85962
802;2020-06-19 10:00:00;289.37796
803;2020-06-19 11:00:00;289.3043
804;2020-06-19 12:00:00;291.0059
805;2020-06-19 13:00:00;290.9858
806;2020-06-19 14:00:00;290.9906
807;2020-06-19 15:00:00;291.12042
808;2020-06-19 16:00:00;291.04788
809;2020-06-19 17:00:00;291.03473
810;2020-06-19 18:00:00;290.87057
811;2020-06-19 19:00:00;290.05267
812;2020-06-19 20:00:00;288.6961
813;2020-06-19 21:00:00;287.8455
814;2020-06-19 22:00:00;287.18207
815;2020-06-19 23:00:00;286.66412
816;2020-06-20 00:00:00;286.406
817;2020-06-20 01:00:00;286.3598
818;2020-06-20 02:00:00;286.0852
819;2020-06-20 03:00:00;285.96277
820;2020-06-20 04:00:00;286.17825
821;2020-06-20 05:00:00;287.05286
822;2020-06-20 06:00:00;288.232
823;2020-06-20 07:00:00;289.54065
824;2020-06-20 08:00:00;290.6087
825;2020-06-20 09:00:00;291.96994
826;2020-06-20 10:00:00;292.81152
827;2020-06-20 11:00:00;293.32166
828;2020-06-20 12:00:00;293.71466
829;2020-06-20 13:00:00;293.44302
830;2020-06-20 14:00:00;293.20297
831;2020-06-20 15:00:00;293.5148
832;2020-06-20 16:00:00;292.50043
833;2020-06-20 17:00:00;291.77106
834;2020-06-20 18:00:00;290.67783
835;2020-06-20 19:00:00;289.35852
836;2020-06-20 20:00:00;288.4492
837;2020-06-20 21:00:00;288.1774
838;2020-06-20 22:00:00;287.33862
839;2020-06-20 23:00:00;286.5665
840;2020-06-21 00:00:00;285.9082
841;2020-06-21 01:00:00;285.25766
842;2020-06-21 02:00:00;285.0297
843;2020-06-21 03:00:00;284.6246
844;2020-06-21 04:00:00;284.68924
845;2020-06-21 05:00:00;285.4332
846;2020-06-21 06:00:00;286.93973
847;2020-06-21 07:00:00;288.6131
848;2020-06-21 08:00:00;290.25787
849;2020-06-21 09:00:00;292.33398
850;2020-06-21 10:00:00;293.5265
851;2020-06-21 11:00:00;294.35464
852;2020-06-21 12:00:00;295.6467
853;2020-06-21 13:00:00;295.9618
854;2020-06-21 14:00:00;296.5963
855;2020-06-21 15:00:00;296.89194
856;2020-06-21 16:00:00;296.08157
857;2020-06-21 17:00:00;295.64722
858;2020-06-21 18:00:00;295.01987
859;2020-06-21 19:00:00;293.74026
860;2020-06-21 20:00:00;291.76364
861;2020-06-21 21:00:00;291.33514
862;2020-06-21 22:00:00;290.50967
863;2020-06-21 23:00:00;290.22455
864;2020-06-22 00:00:00;289.65982
865;2020-06-22 01:00:00;289.52884
866;2020-06-22 02:00:00;288.997
867;2020-06-22 03:00:00;288.23337
868;2020-06-22 04:00:00;288.24976
869;2020-06-22 05:00:00;288.36334
870;2020-06-22 06:00:00;289.84247
871;2020-06-22 07:00:00;291.02905
872;2020-06-22 08:00:00;292.27582
873;2020-06-22 09:00:00;293.36655
874;2020-06-22 10:00:00;294.15424
875;2020-06-22 11:00:00;295.28363
876;2020-06-22 12:00:00;295.0559
877;2020-06-22 13:00:00;296.25186
878;2020-06-22 14:00:00;295.13483
879;2020-06-22 15:00:00;294.70312
880;2020-06-22 16:00:00;293.769
881;2020-06-22 17:00:00;292.7438
882;2020-06-22 18:00:00;291.71884
883;2020-06-22 19:00:00;290.018
884;2020-06-22 20:00:00;288.67725
885;2020-06-22 21:00:00;287.8156
886;2020-06-22 22:00:00;286.90436
887;2020-06-22 23:00:00;286.16333
888;2020-06-23 00:00:00;285.38007
889;2020-06-23 01:00:00;284.9361
890;2020-06-23 02:00:00;284.5537
891;2020-06-23 03:00:00;284.04037
892;2020-06-23 04:00:00;284.2952
893;2020-06-23 05:00:00;285.136
894;2020-06-23 06:00:00;287.07233
895;2020-06-23 07:00:00;289.0475
896;2020-06-23 08:00:00;290.91425
897;2020-06-23 09:00:00;292.69623
898;2020-06-23 10:00:00;293.52188
899;2020-06-23 11:00:00;294.19473
900;2020-06-23 12:00:00;295.6973
901;2020-06-23 13:00:00;295.9507
902;2020-06-23 14:00:00;296.36514
903;2020-06-23 15:00:00;296.18665
904;2020-06-23 16:00:00;295.63904
905;2020-06-23 17:00:00;294.74216
906;2020-06-23 18:00:00;294.10135
907;2020-06-23 19:00:00;292.42776
908;2020-06-23 20:00:00;291.3785
909;2020-06-23 21:00:00;290.43042
910;2020-06-23 22:00:00;289.50577
911;2020-06-23 23:00:00;288.3723
912;2020-06-24 00:00:00;287.40918
913;2020-06-24 01:00:00;286.8876
914;2020-06-24 02:00:00;286.34805
915;2020-06-24 03:00:00;286.14163
916;2020-06-24 04:00:00;285.98068
917;2020-06-24 05:00:00;286.7075
918;2020-06-24 06:00:00;288.48605
919;2020-06-24 07:00:00;290.40134
920;2020-06-24 08:00:00;292.56665
921;2020-06-24 09:00:00;294.67297
922;2020-06-24 10:00:00;296.06842
923;2020-06-24 11:00:00;296.86438
924;2020-06-24 12:00:00;297.88388
925;2020-06-24 13:00:00;298.15167
926;2020-06-24 14:00:00;298.1308
927;2020-06-24 15:00:00;298.46094
928;2020-06-24 16:00:00;297.497
929;2020-06-24 17:00:00;296.4156
930;2020-06-24 18:00:00;295.38565
931;2020-06-24 19:00:00;293.80637
932;2020-06-24 20:00:00;292.2877
933;2020-06-24 21:00:00;291.23898
934;2020-06-24 22:00:00;290.44916
935;2020-06-24 23:00:00;289.83914
936;2020-06-25 00:00:00;288.78738
937;2020-06-25 01:00:00;288.43854
938;2020-06-25 02:00:00;287.8046
939;2020-06-25 03:00:00;287.61295
940;2020-06-25 04:00:00;288.05328
941;2020-06-25 05:00:00;288.93134
942;2020-06-25 06:00:00;290.8179
943;2020-06-25 07:00:00;292.7625
944;2020-06-25 08:00:00;294.2851
945;2020-06-25 09:00:00;295.1761
946;2020-06-25 10:00:00;294.9864
947;2020-06-25 11:00:00;296.48178
948;2020-06-25 12:00:00;300.03723
949;2020-06-25 13:00:00;299.8561
950;2020-06-25 14:00:00;299.38818
951;2020-06-25 15:00:00;299.80466
952;2020-06-25 16:00:00;298.9648
953;2020-06-25 17:00:00;298.5648
954;2020-06-25 18:00:00;297.3816
955;2020-06-25 19:00:00;296.09128
956;2020-06-25 20:00:00;294.54465
957;2020-06-25 21:00:00;293.55643
958;2020-06-25 22:00:00;292.39688
959;2020-06-25 23:00:00;291.38712
960;2020-06-26 00:00:00;290.836
961;2020-06-26 01:00:00;290.07272
962;2020-06-26 02:00:00;289.49472
963;2020-06-26 03:00:00;289.0139
964;2020-06-26 04:00:00;288.83862
965;2020-06-26 05:00:00;289.79254
966;2020-06-26 06:00:00;291.29056
967;2020-06-26 07:00:00;293.33484
968;2020-06-26 08:00:00;295.6076
969;2020-06-26 09:00:00;298.5575
970;2020-06-26 10:00:00;299.22128
971;2020-06-26 11:00:00;300.51053
972;2020-06-26 12:00:00;301.01614
973;2020-06-26 13:00:00;301.43753
974;2020-06-26 14:00:00;301.98685
975;2020-06-26 15:00:00;301.43985
976;2020-06-26 16:00:00;300.60403
977;2020-06-26 17:00:00;300.21088
978;2020-06-26 18:00:00;298.32108
979;2020-06-26 19:00:00;297.07227
980;2020-06-26 20:00:00;296.09546
981;2020-06-26 21:00:00;295.581
982;2020-06-26 22:00:00;294.76193
983;2020-06-26 23:00:00;293.4442
984;2020-06-27 00:00:00;292.76074
985;2020-06-27 01:00:00;292.25797
986;2020-06-27 02:00:00;291.87112
987;2020-06-27 03:00:00;291.214
988;2020-06-27 04:00:00;290.8399
989;2020-06-27 05:00:00;291.56894
990;2020-06-27 06:00:00;293.44202
991;2020-06-27 07:00:00;295.18967
992;2020-06-27 08:00:00;297.08807
993;2020-06-27 09:00:00;299.7105
994;2020-06-27 10:00:00;300.92822
995;2020-06-27 11:00:00;301.15054
996;2020-06-27 12:00:00;298.39603
997;2020-06-27 13:00:00;299.54807
998;2020-06-27 14:00:00;300.47888
999;2020-06-27 15:00:00;296.89276
1000;2020-06-27 16:00:00;297.67935
1001;2020-06-27 17:00:00;296.9861
1002;2020-06-27 18:00:00;297.05298
1003;2020-06-27 19:00:00;296.26382
1004;2020-06-27 20:00:00;294.1168
1005;2020-06-27 21:00:00;293.8162
1006;2020-06-27 22:00:00;293.60815
1007;2020-06-27 23:00:00;293.20822
1008;2020-06-28 00:00:00;293.44043
1009;2020-06-28 01:00:00;292.80423
1010;2020-06-28 02:00:00;292.28833
1011;2020-06-28 03:00:00;292.16028
1012;2020-06-28 04:00:00;292.07364
1013;2020-06-28 05:00:00;292.0742
1014;2020-06-28 06:00:00;292.60175
1015;2020-06-28 07:00:00;292.39035
1016;2020-06-28 08:00:00;293.1797
1017;2020-06-28 09:00:00;293.07565
1018;2020-06-28 10:00:00;293.18097
1019;2020-06-28 11:00:00;293.51413
1020;2020-06-28 12:00:00;293.4382
1021;2020-06-28 13:00:00;293.89322
1022;2020-06-28 14:00:00;293.83383
1023;2020-06-28 15:00:00;294.21527
1024;2020-06-28 16:00:00;294.28574
1025;2020-06-28 17:00:00;293.13864
1026;2020-06-28 18:00:00;291.94766
1027;2020-06-28 19:00:00;291.64044
1028;2020-06-28 20:00:00;289.9101
1029;2020-06-28 21:00:00;289.0441
1030;2020-06-28 22:00:00;288.30356
1031;2020-06-28 23:00:00;287.84973
1032;2020-06-29 00:00:00;287.14392
1033;2020-06-29 01:00:00;286.76907
1034;2020-06-29 02:00:00;287.22464
1035;2020-06-29 03:00:00;286.68417
1036;2020-06-29 04:00:00;286.9073
1037;2020-06-29 05:00:00;287.89313
1038;2020-06-29 06:00:00;288.9875
1039;2020-06-29 07:00:00;290.03653
1040;2020-06-29 08:00:00;291.132
1041;2020-06-29 09:00:00;293.23587
1042;2020-06-29 10:00:00;294.14987
1043;2020-06-29 11:00:00;293.69772
1044;2020-06-29 12:00:00;295.2407
1045;2020-06-29 13:00:00;294.27518
1046;2020-06-29 14:00:00;294.86682
1047;2020-06-29 15:00:00;295.12573
1048;2020-06-29 16:00:00;294.38065
1049;2020-06-29 17:00:00;292.38925
1050;2020-06-29 18:00:00;291.69867
1051;2020-06-29 19:00:00;290.5714
1052;2020-06-29 20:00:00;289.9502
1053;2020-06-29 21:00:00;289.64676
1054;2020-06-29 22:00:00;289.18097
1055;2020-06-29 23:00:00;288.73837
1056;2020-06-30 00:00:00;288.70383
1057;2020-06-30 01:00:00;288.4634
1058;2020-06-30 02:00:00;288.14932
1059;2020-06-30 03:00:00;287.2992
1060;2020-06-30 04:00:00;286.84473
1061;2020-06-30 05:00:00;286.97726
1062;2020-06-30 06:00:00;287.33945
1063;2020-06-30 07:00:00;287.83313
1064;2020-06-30 08:00:00;288.2705
1065;2020-06-30 09:00:00;288.21072
1066;2020-06-30 10:00:00;287.4768
1067;2020-06-30 11:00:00;287.84186
1068;2020-06-30 12:00:00;288.45502
1069;2020-06-30 13:00:00;288.3687
1070;2020-06-30 14:00:00;290.80902
1071;2020-06-30 15:00:00;290.0814
1072;2020-06-30 16:00:00;289.71854
1073;2020-06-30 17:00:00;289.37317
1074;2020-06-30 18:00:00;289.6646
1075;2020-06-30 19:00:00;289.1239
1076;2020-06-30 20:00:00;288.51096
1077;2020-06-30 21:00:00;288.5136
1078;2020-06-30 22:00:00;288.41855
1079;2020-06-30 23:00:00;288.073
1080;2020-07-01 00:00:00;287.9794
1081;2020-07-01 01:00:00;287.99915
1082;2020-07-01 02:00:00;287.92413
1083;2020-07-01 03:00:00;287.52747
1084;2020-07-01 04:00:00;287.73248
1085;2020-07-01 05:00:00;288.26233
1086;2020-07-01 06:00:00;288.94205
1087;2020-07-01 07:00:00;290.07056
1088;2020-07-01 08:00:00;291.22418
1089;2020-07-01 09:00:00;292.4642
1090;2020-07-01 10:00:00;291.045
1091;2020-07-01 11:00:00;291.90155
1092;2020-07-01 12:00:00;291.3463
1093;2020-07-01 13:00:00;291.76758
1094;2020-07-01 14:00:00;292.77377
1095;2020-07-01 15:00:00;291.75876
1096;2020-07-01 16:00:00;291.8515
1097;2020-07-01 17:00:00;292.01648
1098;2020-07-01 18:00:00;292.43912
1099;2020-07-01 19:00:00;292.1112
1100;2020-07-01 20:00:00;291.0101
1101;2020-07-01 21:00:00;290.24567
1102;2020-07-01 22:00:00;289.7152
1103;2020-07-01 23:00:00;289.23438
1104;2020-07-02 00:00:00;288.99017
1105;2020-07-02 01:00:00;288.33292
1106;2020-07-02 02:00:00;287.79828
1107;2020-07-02 03:00:00;287.6966
1108;2020-07-02 04:00:00;288.0481
1109;2020-07-02 05:00:00;288.22366
1110;2020-07-02 06:00:00;288.34775
1111;2020-07-02 07:00:00;289.1622
1112;2020-07-02 08:00:00;289.96222
1113;2020-07-02 09:00:00;289.96988
1114;2020-07-02 10:00:00;290.01004
1115;2020-07-02 11:00:00;290.67023
1116;2020-07-02 12:00:00;291.51318
1117;2020-07-02 13:00:00;293.51047
1118;2020-07-02 14:00:00;293.19604
1119;2020-07-02 15:00:00;290.99496
1120;2020-07-02 16:00:00;289.89493
1121;2020-07-02 17:00:00;290.24017
1122;2020-07-02 18:00:00;290.53397
1123;2020-07-02 19:00:00;290.26147
1124;2020-07-02 20:00:00;289.9664
1125;2020-07-02 21:00:00;289.3182
1126;2020-07-02 22:00:00;288.5032
1127;2020-07-02 23:00:00;288.10083
1128;2020-07-03 00:00:00;288.3986
1129;2020-07-03 01:00:00;288.05035
1130;2020-07-03 02:00:00;287.46243
1131;2020-07-03 03:00:00;287.19885
1132;2020-07-03 04:00:00;287.16733
1133;2020-07-03 05:00:00;287.36267
1134;2020-07-03 06:00:00;287.80798
1135;2020-07-03 07:00:00;288.6257
1136;2020-07-03 08:00:00;289.76166
1137;2020-07-03 09:00:00;290.98947
1138;2020-07-03 10:00:00;291.3577
1139;2020-07-03 11:00:00;293.37436
1140;2020-07-03 12:00:00;293.71338
1141;2020-07-03 13:00:00;292.45987
1142;2020-07-03 14:00:00;291.95435
1143;2020-07-03 15:00:00;292.63504
1144;2020-07-03 16:00:00;292.07257
1145;2020-07-03 17:00:00;291.47043
1146;2020-07-03 18:00:00;291.0552
1147;2020-07-03 19:00:00;290.59058
1148;2020-07-03 20:00:00;289.87146
1149;2020-07-03 21:00:00;289.62015
1150;2020-07-03 22:00:00;289.23117
1151;2020-07-03 23:00:00;289.20517
1152;2020-07-04 00:00:00;288.26746
1153;2020-07-04 01:00:00;289.02588
1154;2020-07-04 02:00:00;288.65842
1155;2020-07-04 03:00:00;288.40338
1156;2020-07-04 04:00:00;288.08838
1157;2020-07-04 05:00:00;287.2957
1158;2020-07-04 06:00:00;287.68207
1159;2020-07-04 07:00:00;287.01285
1160;2020-07-04 08:00:00;287.94943
1161;2020-07-04 09:00:00;287.45334
1162;2020-07-04 10:00:00;288.09824
1163;2020-07-04 11:00:00;287.96262
1164;2020-07-04 12:00:00;288.75864
1165;2020-07-04 13:00:00;288.76532
1166;2020-07-04 14:00:00;288.72043
1167;2020-07-04 15:00:00;288.54013
1168;2020-07-04 16:00:00;288.1892
1169;2020-07-04 17:00:00;287.40265
1170;2020-07-04 18:00:00;288.4323
1171;2020-07-04 19:00:00;288.8346
1172;2020-07-04 20:00:00;288.9951
1173;2020-07-04 21:00:00;289.67435
1174;2020-07-04 22:00:00;289.751
1175;2020-07-04 23:00:00;289.29367
1176;2020-07-05 00:00:00;289.3129
1177;2020-07-05 01:00:00;289.61295
1178;2020-07-05 02:00:00;289.61935
1179;2020-07-05 03:00:00;290.1426
1180;2020-07-05 04:00:00;290.16876
1181;2020-07-05 05:00:00;290.2271
1182;2020-07-05 06:00:00;290.50742
1183;2020-07-05 07:00:00;290.5923
1184;2020-07-05 08:00:00;290.49982
1185;2020-07-05 09:00:00;290.2344
1186;2020-07-05 10:00:00;289.8588
1187;2020-07-05 11:00:00;289.55286
1188;2020-07-05 12:00:00;290.17636
1189;2020-07-05 13:00:00;290.77643
1190;2020-07-05 14:00:00;293.14404
1191;2020-07-05 15:00:00;293.88025
1192;2020-07-05 16:00:00;293.60114
1193;2020-07-05 17:00:00;290.91486
1194;2020-07-05 18:00:00;290.89584
1195;2020-07-05 19:00:00;289.77213
1196;2020-07-05 20:00:00;289.0049
1197;2020-07-05 21:00:00;288.1329
1198;2020-07-05 22:00:00;287.61966
1199;2020-07-05 23:00:00;286.74918
1200;2020-07-06 00:00:00;286.78296
1201;2020-07-06 01:00:00;286.65958
1202;2020-07-06 02:00:00;286.62015
1203;2020-07-06 03:00:00;286.6049
1204;2020-07-06 04:00:00;286.70847
1205;2020-07-06 05:00:00;286.51917
1206;2020-07-06 06:00:00;286.73767
1207;2020-07-06 07:00:00;287.49976
1208;2020-07-06 08:00:00;288.8477
1209;2020-07-06 09:00:00;289.9072
1210;2020-07-06 10:00:00;286.6264
1211;2020-07-06 11:00:00;286.3012
1212;2020-07-06 12:00:00;289.55414
1213;2020-07-06 13:00:00;289.68118
1214;2020-07-06 14:00:00;289.86832
1215;2020-07-06 15:00:00;289.6567
1216;2020-07-06 16:00:00;289.51178
1217;2020-07-06 17:00:00;287.78522
1218;2020-07-06 18:00:00;287.70663
1219;2020-07-06 19:00:00;286.70428
1220;2020-07-06 20:00:00;285.86087
1221;2020-07-06 21:00:00;285.09927
1222;2020-07-06 22:00:00;284.3566
1223;2020-07-06 23:00:00;283.75082
1224;2020-07-07 00:00:00;283.19376
1225;2020-07-07 01:00:00;283.70474
1226;2020-07-07 02:00:00;282.92264
1227;2020-07-07 03:00:00;282.2301
1228;2020-07-07 04:00:00;282.1414
1229;2020-07-07 05:00:00;282.87012
1230;2020-07-07 06:00:00;284.1568
1231;2020-07-07 07:00:00;286.1134
1232;2020-07-07 08:00:00;287.9642
1233;2020-07-07 09:00:00;289.45822
1234;2020-07-07 10:00:00;290.32703
1235;2020-07-07 11:00:00;290.20078
1236;2020-07-07 12:00:00;291.15146
1237;2020-07-07 13:00:00;289.47998
1238;2020-07-07 14:00:00;289.15353
1239;2020-07-07 15:00:00;287.74857
1240;2020-07-07 16:00:00;286.93304
1241;2020-07-07 17:00:00;287.01736
1242;2020-07-07 18:00:00;286.57742
1243;2020-07-07 19:00:00;285.96896
1244;2020-07-07 20:00:00;285.39978
1245;2020-07-07 21:00:00;285.0806
1246;2020-07-07 22:00:00;284.4948
1247;2020-07-07 23:00:00;284.11392
1248;2020-07-08 00:00:00;284.5308
1249;2020-07-08 01:00:00;284.27747
1250;2020-07-08 02:00:00;284.18832
1251;2020-07-08 03:00:00;284.01404
1252;2020-07-08 04:00:00;283.95746
1253;2020-07-08 05:00:00;284.3509
1254;2020-07-08 06:00:00;285.57538
1255;2020-07-08 07:00:00;286.67374
1256;2020-07-08 08:00:00;287.14087
1257;2020-07-08 09:00:00;287.7106
1258;2020-07-08 10:00:00;288.45926
1259;2020-07-08 11:00:00;288.65363
1260;2020-07-08 12:00:00;290.94913
1261;2020-07-08 13:00:00;290.71844
1262;2020-07-08 14:00:00;290.64938
1263;2020-07-08 15:00:00;290.7725
1264;2020-07-08 16:00:00;290.1498
1265;2020-07-08 17:00:00;289.3122
1266;2020-07-08 18:00:00;288.16425
1267;2020-07-08 19:00:00;287.46454
1268;2020-07-08 20:00:00;286.7945
1269;2020-07-08 21:00:00;286.49567
1270;2020-07-08 22:00:00;285.9094
1271;2020-07-08 23:00:00;285.72632
1272;2020-07-09 00:00:00;285.09378
1273;2020-07-09 01:00:00;285.4827
1274;2020-07-09 02:00:00;285.53696
1275;2020-07-09 03:00:00;285.3858
1276;2020-07-09 04:00:00;285.06204
1277;2020-07-09 05:00:00;284.97662
1278;2020-07-09 06:00:00;284.46918
1279;2020-07-09 07:00:00;284.58374
1280;2020-07-09 08:00:00;284.50235
1281;2020-07-09 09:00:00;283.9518
1282;2020-07-09 10:00:00;284.10477
1283;2020-07-09 11:00:00;284.13794
1284;2020-07-09 12:00:00;284.34332
1285;2020-07-09 13:00:00;284.58276
1286;2020-07-09 14:00:00;285.0384
1287;2020-07-09 15:00:00;285.19955
1288;2020-07-09 16:00:00;285.37686
1289;2020-07-09 17:00:00;285.25537
1290;2020-07-09 18:00:00;285.36557
1291;2020-07-09 19:00:00;285.34094
1292;2020-07-09 20:00:00;285.27478
1293;2020-07-09 21:00:00;285.32776
1294;2020-07-09 22:00:00;285.33594
1295;2020-07-09 23:00:00;285.26312
1296;2020-07-10 00:00:00;285.1013
1297;2020-07-10 01:00:00;285.0928
1298;2020-07-10 02:00:00;285.05072
1299;2020-07-10 03:00:00;285.1326
1300;2020-07-10 04:00:00;285.12457
1301;2020-07-10 05:00:00;284.9569
1302;2020-07-10 06:00:00;285.11423
1303;2020-07-10 07:00:00;284.57965
1304;2020-07-10 08:00:00;284.75638
1305;2020-07-10 09:00:00;285.43768
1306;2020-07-10 10:00:00;285.42233
1307;2020-07-10 11:00:00;286.087
1308;2020-07-10 12:00:00;285.823
1309;2020-07-10 13:00:00;285.82523
1310;2020-07-10 14:00:00;287.35147
1311;2020-07-10 15:00:00;287.5459
1312;2020-07-10 16:00:00;287.79654
1313;2020-07-10 17:00:00;286.82755
1314;2020-07-10 18:00:00;286.4683
1315;2020-07-10 19:00:00;285.27548
1316;2020-07-10 20:00:00;284.12476
1317;2020-07-10 21:00:00;283.44308
1318;2020-07-10 22:00:00;282.47205
1319;2020-07-10 23:00:00;281.3803
1320;2020-07-11 00:00:00;281.9221
1321;2020-07-11 01:00:00;282.26883
1322;2020-07-11 02:00:00;282.07373
1323;2020-07-11 03:00:00;281.74924
1324;2020-07-11 04:00:00;281.65808
1325;2020-07-11 05:00:00;282.45743
1326;2020-07-11 06:00:00;283.83118
1327;2020-07-11 07:00:00;286.14948
1328;2020-07-11 08:00:00;287.63663
1329;2020-07-11 09:00:00;288.38608
1330;2020-07-11 10:00:00;289.10327
1331;2020-07-11 11:00:00;289.75165
1332;2020-07-11 12:00:00;289.60397
1333;2020-07-11 13:00:00;288.60812
1334;2020-07-11 14:00:00;290.8892
1335;2020-07-11 15:00:00;291.2432
1336;2020-07-11 16:00:00;288.91287
1337;2020-07-11 17:00:00;289.15866
1338;2020-07-11 18:00:00;288.41068
1339;2020-07-11 19:00:00;287.19904
1340;2020-07-11 20:00:00;285.73828
1341;2020-07-11 21:00:00;285.0213
1342;2020-07-11 22:00:00;284.0967
1343;2020-07-11 23:00:00;283.53506
1344;2020-07-12 00:00:00;282.64548
1345;2020-07-12 01:00:00;282.2332
1346;2020-07-12 02:00:00;281.5153
1347;2020-07-12 03:00:00;281.01385
1348;2020-07-12 04:00:00;281.04678
1349;2020-07-12 05:00:00;282.0278
1350;2020-07-12 06:00:00;284.14975
1351;2020-07-12 07:00:00;286.14984
1352;2020-07-12 08:00:00;288.29562
1353;2020-07-12 09:00:00;289.74747
1354;2020-07-12 10:00:00;288.86288
1355;2020-07-12 11:00:00;290.30823
1356;2020-07-12 12:00:00;291.96884
1357;2020-07-12 13:00:00;290.44128
1358;2020-07-12 14:00:00;291.18167
1359;2020-07-12 15:00:00;290.95917
1360;2020-07-12 16:00:00;290.23822
1361;2020-07-12 17:00:00;289.87393
1362;2020-07-12 18:00:00;289.19937
1363;2020-07-12 19:00:00;287.6283
1364;2020-07-12 20:00:00;286.13724
1365;2020-07-12 21:00:00;285.30988
1366;2020-07-12 22:00:00;284.4797
1367;2020-07-12 23:00:00;283.94482
1368;2020-07-13 00:00:00;283.3179
1369;2020-07-13 01:00:00;283.26593
1370;2020-07-13 02:00:00;282.95963
1371;2020-07-13 03:00:00;282.46732
1372;2020-07-13 04:00:00;282.42075
1373;2020-07-13 05:00:00;283.1038
1374;2020-07-13 06:00:00;284.86133
1375;2020-07-13 07:00:00;286.75836
1376;2020-07-13 08:00:00;288.98526
1377;2020-07-13 09:00:00;291.35876
1378;2020-07-13 10:00:00;292.2991
1379;2020-07-13 11:00:00;293.19385
1380;2020-07-13 12:00:00;293.9397
1381;2020-07-13 13:00:00;294.43326
1382;2020-07-13 14:00:00;294.91977
1383;2020-07-13 15:00:00;293.80292
1384;2020-07-13 16:00:00;293.74136
1385;2020-07-13 17:00:00;292.93146
1386;2020-07-13 18:00:00;291.879
1387;2020-07-13 19:00:00;290.31088
1388;2020-07-13 20:00:00;288.54852
1389;2020-07-13 21:00:00;287.77106
1390;2020-07-13 22:00:00;286.623
1391;2020-07-13 23:00:00;285.871
1392;2020-07-14 00:00:00;285.28156
1393;2020-07-14 01:00:00;284.80188
1394;2020-07-14 02:00:00;284.4788
1395;2020-07-14 03:00:00;285.37653
1396;2020-07-14 04:00:00;284.96335
1397;2020-07-14 05:00:00;286.01715
1398;2020-07-14 06:00:00;287.45352
1399;2020-07-14 07:00:00;288.7757
1400;2020-07-14 08:00:00;290.2214
1401;2020-07-14 09:00:00;292.0106
1402;2020-07-14 10:00:00;290.4342
1403;2020-07-14 11:00:00;289.20575
1404;2020-07-14 12:00:00;290.0934
1405;2020-07-14 13:00:00;290.04147
1406;2020-07-14 14:00:00;290.2151
1407;2020-07-14 15:00:00;289.6396
1408;2020-07-14 16:00:00;289.2526
1409;2020-07-14 17:00:00;288.8844
1410;2020-07-14 18:00:00;288.17947
1411;2020-07-14 19:00:00;287.83282
1412;2020-07-14 20:00:00;287.6693
1413;2020-07-14 21:00:00;287.57022
1414;2020-07-14 22:00:00;287.5128
1415;2020-07-14 23:00:00;287.19406
1416;2020-07-15 00:00:00;286.94064
1417;2020-07-15 01:00:00;286.77887
1418;2020-07-15 02:00:00;286.60355
1419;2020-07-15 03:00:00;286.49677
1420;2020-07-15 04:00:00;286.43347
1421;2020-07-15 05:00:00;286.67944
1422;2020-07-15 06:00:00;286.90308
1423;2020-07-15 07:00:00;288.28204
1424;2020-07-15 08:00:00;289.88852
1425;2020-07-15 09:00:00;291.26892
1426;2020-07-15 10:00:00;291.77994
1427;2020-07-15 11:00:00;292.75772
1428;2020-07-15 12:00:00;291.49576
1429;2020-07-15 13:00:00;290.72928
1430;2020-07-15 14:00:00;291.3857
1431;2020-07-15 15:00:00;291.59412
1432;2020-07-15 16:00:00;291.43808
1433;2020-07-15 17:00:00;290.67593
1434;2020-07-15 18:00:00;289.3545
1435;2020-07-15 19:00:00;288.37024
1436;2020-07-15 20:00:00;287.71597
1437;2020-07-15 21:00:00;287.47375
1438;2020-07-15 22:00:00;287.17755
1439;2020-07-15 23:00:00;286.79858
1440;2020-07-16 00:00:00;286.09338
1441;2020-07-16 01:00:00;285.6838
1442;2020-07-16 02:00:00;285.31873
1443;2020-07-16 03:00:00;284.93823
1444;2020-07-16 04:00:00;285.2444
1445;2020-07-16 05:00:00;285.6183
1446;2020-07-16 06:00:00;286.44794
1447;2020-07-16 07:00:00;287.78387
1448;2020-07-16 08:00:00;287.98782
1449;2020-07-16 09:00:00;288.9808
1450;2020-07-16 10:00:00;291.46152
1451;2020-07-16 11:00:00;292.23203
1452;2020-07-16 12:00:00;292.50323
1453;2020-07-16 13:00:00;291.8616
1454;2020-07-16 14:00:00;293.0149
1455;2020-07-16 15:00:00;292.4882
1456;2020-07-16 16:00:00;292.84464
1457;2020-07-16 17:00:00;292.53076
1458;2020-07-16 18:00:00;291.6828
1459;2020-07-16 19:00:00;289.81454
1460;2020-07-16 20:00:00;289.40527
1461;2020-07-16 21:00:00;288.67987
1462;2020-07-16 22:00:00;287.29965
1463;2020-07-16 23:00:00;287.0472
1464;2020-07-17 00:00:00;286.4705
1465;2020-07-17 01:00:00;285.5735
1466;2020-07-17 02:00:00;284.9683
1467;2020-07-17 03:00:00;284.15024
1468;2020-07-17 04:00:00;283.97968
1469;2020-07-17 05:00:00;284.72458
1470;2020-07-17 06:00:00;286.46915
1471;2020-07-17 07:00:00;288.20807
1472;2020-07-17 08:00:00;290.36508
1473;2020-07-17 09:00:00;292.75995
1474;2020-07-17 10:00:00;293.75104
1475;2020-07-17 11:00:00;294.35068
1476;2020-07-17 12:00:00;295.45187
1477;2020-07-17 13:00:00;295.3505
1478;2020-07-17 14:00:00;295.81204
1479;2020-07-17 15:00:00;295.6403
1480;2020-07-17 16:00:00;295.10928
1481;2020-07-17 17:00:00;294.49557
1482;2020-07-17 18:00:00;293.69113
1483;2020-07-17 19:00:00;291.8729
1484;2020-07-17 20:00:00;290.67892
1485;2020-07-17 21:00:00;289.70377
1486;2020-07-17 22:00:00;288.6959
1487;2020-07-17 23:00:00;288.241
1488;2020-07-18 00:00:00;288.28186
1489;2020-07-18 01:00:00;288.04596
1490;2020-07-18 02:00:00;287.7822
1491;2020-07-18 03:00:00;287.7079
1492;2020-07-18 04:00:00;287.89093
1493;2020-07-18 05:00:00;288.16873
1494;2020-07-18 06:00:00;289.3972
1495;2020-07-18 07:00:00;290.97363
1496;2020-07-18 08:00:00;292.37317
1497;2020-07-18 09:00:00;294.9874
1498;2020-07-18 10:00:00;295.9227
1499;2020-07-18 11:00:00;296.59033
1500;2020-07-18 12:00:00;297.61664
1501;2020-07-18 13:00:00;297.5924
1502;2020-07-18 14:00:00;297.93774
1503;2020-07-18 15:00:00;297.7435
1504;2020-07-18 16:00:00;297.30917
1505;2020-07-18 17:00:00;296.54565
1506;2020-07-18 18:00:00;295.75974
1507;2020-07-18 19:00:00;294.90805
1508;2020-07-18 20:00:00;293.8316
1509;2020-07-18 21:00:00;293.09302
1510;2020-07-18 22:00:00;291.57648
1511;2020-07-18 23:00:00;291.08835
1512;2020-07-19 00:00:00;290.18738
1513;2020-07-19 01:00:00;290.2895
1514;2020-07-19 02:00:00;291.0418
1515;2020-07-19 03:00:00;290.0935
1516;2020-07-19 04:00:00;289.9419
1517;2020-07-19 05:00:00;290.0437
1518;2020-07-19 06:00:00;291.1512
1519;2020-07-19 07:00:00;292.39456
1520;2020-07-19 08:00:00;293.53473
1521;2020-07-19 09:00:00;295.9414
1522;2020-07-19 10:00:00;295.559
1523;2020-07-19 11:00:00;296.89087
1524;2020-07-19 12:00:00;297.5367
1525;2020-07-19 13:00:00;297.6062
1526;2020-07-19 14:00:00;299.09314
1527;2020-07-19 15:00:00;298.56244
1528;2020-07-19 16:00:00;296.6199
1529;2020-07-19 17:00:00;294.78867
1530;2020-07-19 18:00:00;293.74384
1531;2020-07-19 19:00:00;292.18686
1532;2020-07-19 20:00:00;291.46634
1533;2020-07-19 21:00:00;291.02417
1534;2020-07-19 22:00:00;290.24133
1535;2020-07-19 23:00:00;289.68222
1536;2020-07-20 00:00:00;289.44907
1537;2020-07-20 01:00:00;289.1086
1538;2020-07-20 02:00:00;289.00412
1539;2020-07-20 03:00:00;289.53955
1540;2020-07-20 04:00:00;289.61264
1541;2020-07-20 05:00:00;289.14175
1542;2020-07-20 06:00:00;288.22156
1543;2020-07-20 07:00:00;287.9687
1544;2020-07-20 08:00:00;288.7671
1545;2020-07-20 09:00:00;291.27097
1546;2020-07-20 10:00:00;292.36725
1547;2020-07-20 11:00:00;293.41437
1548;2020-07-20 12:00:00;293.86127
1549;2020-07-20 13:00:00;293.44223
1550;2020-07-20 14:00:00;293.1115
1551;2020-07-20 15:00:00;292.46835
1552;2020-07-20 16:00:00;291.64404
1553;2020-07-20 17:00:00;290.93387
1554;2020-07-20 18:00:00;290.08484
1555;2020-07-20 19:00:00;289.02933
1556;2020-07-20 20:00:00;287.27902
1557;2020-07-20 21:00:00;286.76324
1558;2020-07-20 22:00:00;286.0581
1559;2020-07-20 23:00:00;284.99973
1560;2020-07-21 00:00:00;284.05984
1561;2020-07-21 01:00:00;283.56842
1562;2020-07-21 02:00:00;283.5266
1563;2020-07-21 03:00:00;283.28574
1564;2020-07-21 04:00:00;283.09503
1565;2020-07-21 05:00:00;283.489
1566;2020-07-21 06:00:00;285.07
1567;2020-07-21 07:00:00;286.9105
1568;2020-07-21 08:00:00;288.86163
1569;2020-07-21 09:00:00;290.07993
1570;2020-07-21 10:00:00;290.81488
1571;2020-07-21 11:00:00;290.07635
1572;2020-07-21 12:00:00;289.31805
1573;2020-07-21 13:00:00;289.52335
1574;2020-07-21 14:00:00;292.08447
1575;2020-07-21 15:00:00;291.89548
1576;2020-07-21 16:00:00;291.29453
1577;2020-07-21 17:00:00;290.24377
1578;2020-07-21 18:00:00;289.23315
1579;2020-07-21 19:00:00;287.7582
1580;2020-07-21 20:00:00;286.4778
1581;2020-07-21 21:00:00;285.5215
1582;2020-07-21 22:00:00;285.02042
1583;2020-07-21 23:00:00;284.5828
1584;2020-07-22 00:00:00;283.8598
1585;2020-07-22 01:00:00;283.47885
1586;2020-07-22 02:00:00;283.37924
1587;2020-07-22 03:00:00;282.6092
1588;2020-07-22 04:00:00;282.72327
1589;2020-07-22 05:00:00;283.20667
1590;2020-07-22 06:00:00;284.74197
1591;2020-07-22 07:00:00;286.5626
1592;2020-07-22 08:00:00;288.5151
1593;2020-07-22 09:00:00;291.11703
1594;2020-07-22 10:00:00;291.81842
1595;2020-07-22 11:00:00;292.52246
1596;2020-07-22 12:00:00;291.4398
1597;2020-07-22 13:00:00;291.8816
1598;2020-07-22 14:00:00;292.24713
1599;2020-07-22 15:00:00;292.31372
1600;2020-07-22 16:00:00;291.57733
1601;2020-07-22 17:00:00;290.7155
1602;2020-07-22 18:00:00;289.6789
1603;2020-07-22 19:00:00;288.61813
1604;2020-07-22 20:00:00;287.78442
1605;2020-07-22 21:00:00;287.1244
1606;2020-07-22 22:00:00;286.76263
1607;2020-07-22 23:00:00;286.256
1608;2020-07-23 00:00:00;285.86234
1609;2020-07-23 01:00:00;285.48984
1610;2020-07-23 02:00:00;285.5003
1611;2020-07-23 03:00:00;285.32703
1612;2020-07-23 04:00:00;285.3527
1613;2020-07-23 05:00:00;285.83078
1614;2020-07-23 06:00:00;286.7155
1615;2020-07-23 07:00:00;287.87833
1616;2020-07-23 08:00:00;289.77942
1617;2020-07-23 09:00:00;291.43237
1618;2020-07-23 10:00:00;292.213
1619;2020-07-23 11:00:00;293.0047
1620;2020-07-23 12:00:00;293.3305
1621;2020-07-23 13:00:00;293.43472
1622;2020-07-23 14:00:00;293.52792
1623;2020-07-23 15:00:00;294.43765
1624;2020-07-23 16:00:00;293.38162
1625;2020-07-23 17:00:00;293.7046
1626;2020-07-23 18:00:00;293.43472
1627;2020-07-23 19:00:00;292.4767
1628;2020-07-23 20:00:00;291.80243
1629;2020-07-23 21:00:00;291.7801
1630;2020-07-23 22:00:00;291.0474
1631;2020-07-23 23:00:00;290.96353
1632;2020-07-24 00:00:00;290.87485
1633;2020-07-24 01:00:00;290.3447
1634;2020-07-24 02:00:00;289.66272
1635;2020-07-24 03:00:00;289.56656
1636;2020-07-24 04:00:00;289.4333
1637;2020-07-24 05:00:00;289.45612
1638;2020-07-24 06:00:00;290.16626
1639;2020-07-24 07:00:00;290.1188
1640;2020-07-24 08:00:00;289.8909
1641;2020-07-24 09:00:00;289.93857
1642;2020-07-24 10:00:00;290.0167
1643;2020-07-24 11:00:00;290.8051
1644;2020-07-24 12:00:00;292.90128
1645;2020-07-24 13:00:00;293.9309
1646;2020-07-24 14:00:00;294.8044
1647;2020-07-24 15:00:00;294.71432
1648;2020-07-24 16:00:00;293.9862
1649;2020-07-24 17:00:00;292.86078
1650;2020-07-24 18:00:00;291.78082
1651;2020-07-24 19:00:00;290.8586
1652;2020-07-24 20:00:00;289.56656
1653;2020-07-24 21:00:00;289.60855
1654;2020-07-24 22:00:00;288.591
1655;2020-07-24 23:00:00;287.78223
1656;2020-07-25 00:00:00;287.39432
1657;2020-07-25 01:00:00;287.0313
1658;2020-07-25 02:00:00;287.1159
1659;2020-07-25 03:00:00;287.69366
1660;2020-07-25 04:00:00;287.7765
1661;2020-07-25 05:00:00;288.43198
1662;2020-07-25 06:00:00;289.78323
1663;2020-07-25 07:00:00;289.5673
1664;2020-07-25 08:00:00;291.66632
1665;2020-07-25 09:00:00;293.39694
1666;2020-07-25 10:00:00;294.88364
1667;2020-07-25 11:00:00;295.50125
1668;2020-07-25 12:00:00;295.4849
1669;2020-07-25 13:00:00;295.77744
1670;2020-07-25 14:00:00;296.04825
1671;2020-07-25 15:00:00;295.68045
1672;2020-07-25 16:00:00;294.52258
1673;2020-07-25 17:00:00;292.63885
1674;2020-07-25 18:00:00;291.61804
1675;2020-07-25 19:00:00;291.48392
1676;2020-07-25 20:00:00;291.16147
1677;2020-07-25 21:00:00;290.78812
1678;2020-07-25 22:00:00;290.554
1679;2020-07-25 23:00:00;290.50592
1680;2020-07-26 00:00:00;290.552
1681;2020-07-26 01:00:00;290.1948
1682;2020-07-26 02:00:00;290.3438
1683;2020-07-26 03:00:00;290.99387
1684;2020-07-26 04:00:00;290.92297
1685;2020-07-26 05:00:00;290.3771
1686;2020-07-26 06:00:00;289.90405
1687;2020-07-26 07:00:00;290.189
1688;2020-07-26 08:00:00;290.4166
1689;2020-07-26 09:00:00;290.95285
1690;2020-07-26 10:00:00;291.0988
1691;2020-07-26 11:00:00;292.98178
1692;2020-07-26 12:00:00;294.71088
1693;2020-07-26 13:00:00;295.47977
1694;2020-07-26 14:00:00;294.88766
1695;2020-07-26 15:00:00;293.79547
1696;2020-07-26 16:00:00;293.49637
1697;2020-07-26 17:00:00;292.66418
1698;2020-07-26 18:00:00;291.64523
1699;2020-07-26 19:00:00;290.5006
1700;2020-07-26 20:00:00;289.62653
1701;2020-07-26 21:00:00;288.96445
1702;2020-07-26 22:00:00;288.13675
1703;2020-07-26 23:00:00;287.4154
1704;2020-07-27 00:00:00;286.86868
1705;2020-07-27 01:00:00;287.35303
1706;2020-07-27 02:00:00;286.6393
1707;2020-07-27 03:00:00;286.11816
1708;2020-07-27 04:00:00;286.1074
1709;2020-07-27 05:00:00;286.93005
1710;2020-07-27 06:00:00;288.21625
1711;2020-07-27 07:00:00;289.60654
1712;2020-07-27 08:00:00;291.73007
1713;2020-07-27 09:00:00;292.5897
1714;2020-07-27 10:00:00;293.90137
1715;2020-07-27 11:00:00;294.8704
1716;2020-07-27 12:00:00;293.84885
1717;2020-07-27 13:00:00;294.71167
1718;2020-07-27 14:00:00;293.17285
1719;2020-07-27 15:00:00;292.8907
1720;2020-07-27 16:00:00;292.27063
1721;2020-07-27 17:00:00;290.93494
1722;2020-07-27 18:00:00;290.87024
1723;2020-07-27 19:00:00;290.31137
1724;2020-07-27 20:00:00;290.04153
1725;2020-07-27 21:00:00;290.0982
1726;2020-07-27 22:00:00;290.20206
1727;2020-07-27 23:00:00;290.21155
1728;2020-07-28 00:00:00;290.64905
1729;2020-07-28 01:00:00;290.15002
1730;2020-07-28 02:00:00;290.2819
1731;2020-07-28 03:00:00;290.1409
1732;2020-07-28 04:00:00;289.97412
1733;2020-07-28 05:00:00;290.11215
1734;2020-07-28 06:00:00;290.75543
1735;2020-07-28 07:00:00;292.05338
1736;2020-07-28 08:00:00;291.9874
1737;2020-07-28 09:00:00;290.93338
1738;2020-07-28 10:00:00;292.29007
1739;2020-07-28 11:00:00;293.5354
1740;2020-07-28 12:00:00;294.61096
1741;2020-07-28 13:00:00;294.73938
1742;2020-07-28 14:00:00;295.2766
1743;2020-07-28 15:00:00;293.48273
1744;2020-07-28 16:00:00;293.0466
1745;2020-07-28 17:00:00;291.34244
1746;2020-07-28 18:00:00;290.3095
1747;2020-07-28 19:00:00;288.90854
1748;2020-07-28 20:00:00;288.67917
1749;2020-07-28 21:00:00;288.7153
1750;2020-07-28 22:00:00;288.1852
1751;2020-07-28 23:00:00;287.06625
1752;2020-07-29 00:00:00;287.03397
1753;2020-07-29 01:00:00;286.87674
1754;2020-07-29 02:00:00;286.85538
1755;2020-07-29 03:00:00;286.8023
1756;2020-07-29 04:00:00;286.38922
1757;2020-07-29 05:00:00;286.01245
1758;2020-07-29 06:00:00;287.35803
1759;2020-07-29 07:00:00;288.50272
1760;2020-07-29 08:00:00;289.90884
1761;2020-07-29 09:00:00;291.474
1762;2020-07-29 10:00:00;292.5046
1763;2020-07-29 11:00:00;292.25412
1764;2020-07-29 12:00:00;292.66006
1765;2020-07-29 13:00:00;292.97577
1766;2020-07-29 14:00:00;293.3711
1767;2020-07-29 15:00:00;292.65488
1768;2020-07-29 16:00:00;291.18994
1769;2020-07-29 17:00:00;290.6452
1770;2020-07-29 18:00:00;289.37473
1771;2020-07-29 19:00:00;288.56586
1772;2020-07-29 20:00:00;287.93448
1773;2020-07-29 21:00:00;286.999
1774;2020-07-29 22:00:00;285.60275
1775;2020-07-29 23:00:00;284.4448
1776;2020-07-30 00:00:00;283.46283
1777;2020-07-30 01:00:00;282.71878
1778;2020-07-30 02:00:00;282.53427
1779;2020-07-30 03:00:00;282.3978
1780;2020-07-30 04:00:00;281.80402
1781;2020-07-30 05:00:00;282.14386
1782;2020-07-30 06:00:00;284.35422
1783;2020-07-30 07:00:00;286.4936
1784;2020-07-30 08:00:00;288.88644
1785;2020-07-30 09:00:00;291.06577
1786;2020-07-30 10:00:00;292.12573
1787;2020-07-30 11:00:00;293.1686
1788;2020-07-30 12:00:00;293.74368
1789;2020-07-30 13:00:00;294.53268
1790;2020-07-30 14:00:00;294.7891
1791;2020-07-30 15:00:00;292.50284
1792;2020-07-30 16:00:00;292.1339
1793;2020-07-30 17:00:00;291.6095
1794;2020-07-30 18:00:00;291.16992
1795;2020-07-30 19:00:00;290.1435
1796;2020-07-30 20:00:00;289.4759
1797;2020-07-30 21:00:00;288.94675
1798;2020-07-30 22:00:00;288.5769
1799;2020-07-30 23:00:00;288.02512
1800;2020-07-31 00:00:00;287.3604
1801;2020-07-31 01:00:00;287.1535
1802;2020-07-31 02:00:00;286.44394
1803;2020-07-31 03:00:00;286.15225
1804;2020-07-31 04:00:00;285.58246
1805;2020-07-31 05:00:00;285.993
1806;2020-07-31 06:00:00;287.5124
1807;2020-07-31 07:00:00;289.37546
1808;2020-07-31 08:00:00;291.54813
1809;2020-07-31 09:00:00;293.7152
1810;2020-07-31 10:00:00;294.86703
1811;2020-07-31 11:00:00;296.1121
1812;2020-07-31 12:00:00;297.2201
1813;2020-07-31 13:00:00;297.5502
1814;2020-07-31 14:00:00;298.01447
1815;2020-07-31 15:00:00;297.80157
1816;2020-07-31 16:00:00;297.07767
1817;2020-07-31 17:00:00;296.8133
1818;2020-07-31 18:00:00;296.21304
1819;2020-07-31 19:00:00;294.3377
1820;2020-07-31 20:00:00;292.4968
1821;2020-07-31 21:00:00;291.1426
1822;2020-07-31 22:00:00;290.08585
1823;2020-07-31 23:00:00;289.00946
1824;2020-08-01 00:00:00;288.58682
1825;2020-08-01 01:00:00;287.88992
1826;2020-08-01 02:00:00;287.11023
1827;2020-08-01 03:00:00;286.96167
1828;2020-08-01 04:00:00;286.64008
1829;2020-08-01 05:00:00;287.07288
1830;2020-08-01 06:00:00;288.63342
1831;2020-08-01 07:00:00;290.7431
1832;2020-08-01 08:00:00;293.0565
1833;2020-08-01 09:00:00;295.7962
1834;2020-08-01 10:00:00;297.82263
1835;2020-08-01 11:00:00;299.6677
1836;2020-08-01 12:00:00;299.34372
1837;2020-08-01 13:00:00;298.46045
1838;2020-08-01 14:00:00;298.76752
1839;2020-08-01 15:00:00;299.1722
1840;2020-08-01 16:00:00;298.82425
1841;2020-08-01 17:00:00;297.88196
1842;2020-08-01 18:00:00;295.9474
1843;2020-08-01 19:00:00;294.6052
1844;2020-08-01 20:00:00;293.7746
1845;2020-08-01 21:00:00;293.3069
1846;2020-08-01 22:00:00;292.77734
1847;2020-08-01 23:00:00;292.33075
1848;2020-08-02 00:00:00;291.9631
1849;2020-08-02 01:00:00;291.6915
1850;2020-08-02 02:00:00;291.38788
1851;2020-08-02 03:00:00;291.16666
1852;2020-08-02 04:00:00;290.52618
1853;2020-08-02 05:00:00;290.4322
1854;2020-08-02 06:00:00;290.9322
1855;2020-08-02 07:00:00;291.32462
1856;2020-08-02 08:00:00;292.4427
1857;2020-08-02 09:00:00;293.85458
1858;2020-08-02 10:00:00;294.92444
1859;2020-08-02 11:00:00;295.7473
1860;2020-08-02 12:00:00;296.9294
1861;2020-08-02 13:00:00;297.2295
1862;2020-08-02 14:00:00;297.4463
1863;2020-08-02 15:00:00;296.90964
1864;2020-08-02 16:00:00;292.35394
1865;2020-08-02 17:00:00;292.35916
1866;2020-08-02 18:00:00;291.49008
1867;2020-08-02 19:00:00;290.4098
1868;2020-08-02 20:00:00;288.92
1869;2020-08-02 21:00:00;287.92728
1870;2020-08-02 22:00:00;286.9997
1871;2020-08-02 23:00:00;286.26337
1872;2020-08-03 00:00:00;285.44257
1873;2020-08-03 01:00:00;285.0256
1874;2020-08-03 02:00:00;284.70032
1875;2020-08-03 03:00:00;284.51617
1876;2020-08-03 04:00:00;284.66473
1877;2020-08-03 05:00:00;285.33517
1878;2020-08-03 06:00:00;286.71362
1879;2020-08-03 07:00:00;288.70334
1880;2020-08-03 08:00:00;290.57822
1881;2020-08-03 09:00:00;292.37833
1882;2020-08-03 10:00:00;293.13132
1883;2020-08-03 11:00:00;293.7591
1884;2020-08-03 12:00:00;294.55634
1885;2020-08-03 13:00:00;294.8945
1886;2020-08-03 14:00:00;293.61627
1887;2020-08-03 15:00:00;292.80154
1888;2020-08-03 16:00:00;293.1833
1889;2020-08-03 17:00:00;292.06406
1890;2020-08-03 18:00:00;291.4305
1891;2020-08-03 19:00:00;290.2277
1892;2020-08-03 20:00:00;289.63614
1893;2020-08-03 21:00:00;288.30612
1894;2020-08-03 22:00:00;287.88467
1895;2020-08-03 23:00:00;287.2481
1896;2020-08-04 00:00:00;286.1649
1897;2020-08-04 01:00:00;285.51022
1898;2020-08-04 02:00:00;285.0185
1899;2020-08-04 03:00:00;284.21408
1900;2020-08-04 04:00:00;283.54224
1901;2020-08-04 05:00:00;283.7428
1902;2020-08-04 06:00:00;285.2492
1903;2020-08-04 07:00:00;287.03918
1904;2020-08-04 08:00:00;288.98587
1905;2020-08-04 09:00:00;291.29623
1906;2020-08-04 10:00:00;292.10083
1907;2020-08-04 11:00:00;292.97626
1908;2020-08-04 12:00:00;294.0888
1909;2020-08-04 13:00:00;294.30444
1910;2020-08-04 14:00:00;293.95093
1911;2020-08-04 15:00:00;292.8735
1912;2020-08-04 16:00:00;292.53842
1913;2020-08-04 17:00:00;291.56363
1914;2020-08-04 18:00:00;290.37067
1915;2020-08-04 19:00:00;289.05045
1916;2020-08-04 20:00:00;288.1248
1917;2020-08-04 21:00:00;287.31772
1918;2020-08-04 22:00:00;287.6135
1919;2020-08-04 23:00:00;287.08826
1920;2020-08-05 00:00:00;287.19354
1921;2020-08-05 01:00:00;287.34692
1922;2020-08-05 02:00:00;287.39236
1923;2020-08-05 03:00:00;287.75574
1924;2020-08-05 04:00:00;287.35886
1925;2020-08-05 05:00:00;288.8731
1926;2020-08-05 06:00:00;289.79877
1927;2020-08-05 07:00:00;291.4243
1928;2020-08-05 08:00:00;293.21268
1929;2020-08-05 09:00:00;296.10596
1930;2020-08-05 10:00:00;297.44168
1931;2020-08-05 11:00:00;298.6776
1932;2020-08-05 12:00:00;299.59946
1933;2020-08-05 13:00:00;299.7002
1934;2020-08-05 14:00:00;299.8144
1935;2020-08-05 15:00:00;299.89523
1936;2020-08-05 16:00:00;299.58246
1937;2020-08-05 17:00:00;298.62482
1938;2020-08-05 18:00:00;297.4996
1939;2020-08-05 19:00:00;295.9071
1940;2020-08-05 20:00:00;294.6924
1941;2020-08-05 21:00:00;292.84738
1942;2020-08-05 22:00:00;293.2708
1943;2020-08-05 23:00:00;290.9918
1944;2020-08-06 00:00:00;290.21576
1945;2020-08-06 01:00:00;289.4735
1946;2020-08-06 02:00:00;289.01917
1947;2020-08-06 03:00:00;288.70654
1948;2020-08-06 04:00:00;288.5357
1949;2020-08-06 05:00:00;288.44046
1950;2020-08-06 06:00:00;290.0705
1951;2020-08-06 07:00:00;292.4775
1952;2020-08-06 08:00:00;295.28506
1953;2020-08-06 09:00:00;299.41855
1954;2020-08-06 10:00:00;301.33978
1955;2020-08-06 11:00:00;302.57083
1956;2020-08-06 12:00:00;303.55392
1957;2020-08-06 13:00:00;303.35898
1958;2020-08-06 14:00:00;303.7154
1959;2020-08-06 15:00:00;303.7188
1960;2020-08-06 16:00:00;302.6389
1961;2020-08-06 17:00:00;301.23578
1962;2020-08-06 18:00:00;299.9758
1963;2020-08-06 19:00:00;298.44055
1964;2020-08-06 20:00:00;296.75867
1965;2020-08-06 21:00:00;295.47876
1966;2020-08-06 22:00:00;294.82434
1967;2020-08-06 23:00:00;293.69772
1968;2020-08-07 00:00:00;292.59924
1969;2020-08-07 01:00:00;291.54773
1970;2020-08-07 02:00:00;290.63293
1971;2020-08-07 03:00:00;290.20102
1972;2020-08-07 04:00:00;289.30646
1973;2020-08-07 05:00:00;289.09814
1974;2020-08-07 06:00:00;290.47028
1975;2020-08-07 07:00:00;292.49316
1976;2020-08-07 08:00:00;295.06174
1977;2020-08-07 09:00:00;298.26913
1978;2020-08-07 10:00:00;300.20425
1979;2020-08-07 11:00:00;302.05368
1980;2020-08-07 12:00:00;303.36002
1981;2020-08-07 13:00:00;303.63263
1982;2020-08-07 14:00:00;303.95383
1983;2020-08-07 15:00:00;303.6595
1984;2020-08-07 16:00:00;302.9382
1985;2020-08-07 17:00:00;301.65405
1986;2020-08-07 18:00:00;300.2665
1987;2020-08-07 19:00:00;298.06204
1988;2020-08-07 20:00:00;296.7128
1989;2020-08-07 21:00:00;295.44913
1990;2020-08-07 22:00:00;294.5954
1991;2020-08-07 23:00:00;293.87802
1992;2020-08-08 00:00:00;293.8461
1993;2020-08-08 01:00:00;293.10214
1994;2020-08-08 02:00:00;292.46545
1995;2020-08-08 03:00:00;292.2027
1996;2020-08-08 04:00:00;291.7658
1997;2020-08-08 05:00:00;291.91174
1998;2020-08-08 06:00:00;293.33566
1999;2020-08-08 07:00:00;295.58533
2000;2020-08-08 08:00:00;298.02316
2001;2020-08-08 09:00:00;301.4541
2002;2020-08-08 10:00:00;303.2885
2003;2020-08-08 11:00:00;304.89178
2004;2020-08-08 12:00:00;306.35757
2005;2020-08-08 13:00:00;305.80627
2006;2020-08-08 14:00:00;305.97983
2007;2020-08-08 15:00:00;305.2792
2008;2020-08-08 16:00:00;304.0166
2009;2020-08-08 17:00:00;302.3868
2010;2020-08-08 18:00:00;301.37186
2011;2020-08-08 19:00:00;299.53955
2012;2020-08-08 20:00:00;298.04166
2013;2020-08-08 21:00:00;297.0349
2014;2020-08-08 22:00:00;296.03574
2015;2020-08-08 23:00:00;295.39236
2016;2020-08-09 00:00:00;294.8815
2017;2020-08-09 01:00:00;294.3539
2018;2020-08-09 02:00:00;293.56247
2019;2020-08-09 03:00:00;293.67813
2020;2020-08-09 04:00:00;293.18723
2021;2020-08-09 05:00:00;293.29315
2022;2020-08-09 06:00:00;294.4596
2023;2020-08-09 07:00:00;296.03052
2024;2020-08-09 08:00:00;297.9279
2025;2020-08-09 09:00:00;300.23303
2026;2020-08-09 10:00:00;301.8256
2027;2020-08-09 11:00:00;302.7033
2028;2020-08-09 12:00:00;303.67148
2029;2020-08-09 13:00:00;303.2482
2030;2020-08-09 14:00:00;303.08575
2031;2020-08-09 15:00:00;303.25513
2032;2020-08-09 16:00:00;301.60596
2033;2020-08-09 17:00:00;300.36215
2034;2020-08-09 18:00:00;300.04623
2035;2020-08-09 19:00:00;298.4612
2036;2020-08-09 20:00:00;297.06335
2037;2020-08-09 21:00:00;296.48203
2038;2020-08-09 22:00:00;295.11133
2039;2020-08-09 23:00:00;294.11133
2040;2020-08-10 00:00:00;293.74628
2041;2020-08-10 01:00:00;292.9478
2042;2020-08-10 02:00:00;292.3343
2043;2020-08-10 03:00:00;291.99503
2044;2020-08-10 04:00:00;291.8688
2045;2020-08-10 05:00:00;292.01874
2046;2020-08-10 06:00:00;293.3823
2047;2020-08-10 07:00:00;295.66064
2048;2020-08-10 08:00:00;298.00626
2049;2020-08-10 09:00:00;300.56076
2050;2020-08-10 10:00:00;302.2113
2051;2020-08-10 11:00:00;303.7222
2052;2020-08-10 12:00:00;305.4309
2053;2020-08-10 13:00:00;305.10193
2054;2020-08-10 14:00:00;304.98627
2055;2020-08-10 15:00:00;301.34503
2056;2020-08-10 16:00:00;301.46402
2057;2020-08-10 17:00:00;301.188
2058;2020-08-10 18:00:00;300.189
2059;2020-08-10 19:00:00;298.26224
2060;2020-08-10 20:00:00;296.63193
2061;2020-08-10 21:00:00;295.71655
2062;2020-08-10 22:00:00;294.847
2063;2020-08-10 23:00:00;294.82773
2064;2020-08-11 00:00:00;293.98965
2065;2020-08-11 01:00:00;292.7625
2066;2020-08-11 02:00:00;292.05942
2067;2020-08-11 03:00:00;292.18796
2068;2020-08-11 04:00:00;291.53183
2069;2020-08-11 05:00:00;291.5361
2070;2020-08-11 06:00:00;293.09387
2071;2020-08-11 07:00:00;294.8999
2072;2020-08-11 08:00:00;297.10425
2073;2020-08-11 09:00:00;299.8421
2074;2020-08-11 10:00:00;301.53052
2075;2020-08-11 11:00:00;302.81638
2076;2020-08-11 12:00:00;304.01593
2077;2020-08-11 13:00:00;304.48203
2078;2020-08-11 14:00:00;304.40622
2079;2020-08-11 15:00:00;303.98056
2080;2020-08-11 16:00:00;303.07553
2081;2020-08-11 17:00:00;301.42654
2082;2020-08-11 18:00:00;300.3564
2083;2020-08-11 19:00:00;298.4922
2084;2020-08-11 20:00:00;296.71304
2085;2020-08-11 21:00:00;295.79123
2086;2020-08-11 22:00:00;294.39502
2087;2020-08-11 23:00:00;293.0819
2088;2020-08-12 00:00:00;292.32202
2089;2020-08-12 01:00:00;291.45425
2090;2020-08-12 02:00:00;290.6142
2091;2020-08-12 03:00:00;289.83
2092;2020-08-12 04:00:00;289.3479
2093;2020-08-12 05:00:00;289.48972
2094;2020-08-12 06:00:00;290.84357
2095;2020-08-12 07:00:00;293.0296
2096;2020-08-12 08:00:00;295.55133
2097;2020-08-12 09:00:00;298.4168
2098;2020-08-12 10:00:00;300.4505
2099;2020-08-12 11:00:00;302.21332
2100;2020-08-12 12:00:00;303.89914
2101;2020-08-12 13:00:00;303.96176
2102;2020-08-12 14:00:00;304.74066
2103;2020-08-12 15:00:00;304.0509
2104;2020-08-12 16:00:00;302.95917
2105;2020-08-12 17:00:00;301.59375
2106;2020-08-12 18:00:00;300.7724
2107;2020-08-12 19:00:00;298.52362
2108;2020-08-12 20:00:00;296.96753
2109;2020-08-12 21:00:00;296.4022
2110;2020-08-12 22:00:00;295.66144
2111;2020-08-12 23:00:00;294.7638
2112;2020-08-13 00:00:00;294.13718
2113;2020-08-13 01:00:00;293.49362
2114;2020-08-13 02:00:00;292.79733
2115;2020-08-13 03:00:00;292.23236
2116;2020-08-13 04:00:00;291.5829
2117;2020-08-13 05:00:00;291.03348
2118;2020-08-13 06:00:00;291.8947
2119;2020-08-13 07:00:00;293.30685
2120;2020-08-13 08:00:00;294.7719
2121;2020-08-13 09:00:00;297.09506
2122;2020-08-13 10:00:00;298.51666
2123;2020-08-13 11:00:00;299.8496
2124;2020-08-13 12:00:00;302.68372
2125;2020-08-13 13:00:00;303.3843
2126;2020-08-13 14:00:00;303.32916
2127;2020-08-13 15:00:00;303.38895
2128;2020-08-13 16:00:00;301.58627
2129;2020-08-13 17:00:00;299.58047
2130;2020-08-13 18:00:00;298.13678
2131;2020-08-13 19:00:00;296.61038
2132;2020-08-13 20:00:00;295.4961
2133;2020-08-13 21:00:00;295.17587
2134;2020-08-13 22:00:00;294.24634
2135;2020-08-13 23:00:00;293.2366
2136;2020-08-14 00:00:00;292.94882
2137;2020-08-14 01:00:00;292.4856
2138;2020-08-14 02:00:00;291.8578
2139;2020-08-14 03:00:00;291.33456
2140;2020-08-14 04:00:00;291.0309
2141;2020-08-14 05:00:00;291.07135
2142;2020-08-14 06:00:00;292.11804
2143;2020-08-14 07:00:00;293.5485
2144;2020-08-14 08:00:00;295.59445
2145;2020-08-14 09:00:00;297.12576
2146;2020-08-14 10:00:00;299.0955
2147;2020-08-14 11:00:00;301.02493
2148;2020-08-14 12:00:00;302.56378
2149;2020-08-14 13:00:00;303.131
2150;2020-08-14 14:00:00;303.56247
2151;2020-08-14 15:00:00;302.8736
2152;2020-08-14 16:00:00;302.4225
2153;2020-08-14 17:00:00;300.79407
2154;2020-08-14 18:00:00;299.7124
2155;2020-08-14 19:00:00;297.9289
2156;2020-08-14 20:00:00;296.3997
2157;2020-08-14 21:00:00;295.03333
2158;2020-08-14 22:00:00;293.85114
2159;2020-08-14 23:00:00;292.8476
2160;2020-08-15 00:00:00;292.25955
2161;2020-08-15 01:00:00;291.76135
2162;2020-08-15 02:00:00;291.4059
2163;2020-08-15 03:00:00;290.96558
2164;2020-08-15 04:00:00;290.3831
2165;2020-08-15 05:00:00;290.32285
2166;2020-08-15 06:00:00;291.8619
2167;2020-08-15 07:00:00;293.76462
2168;2020-08-15 08:00:00;296.17615
2169;2020-08-15 09:00:00;298.98087
2170;2020-08-15 10:00:00;300.58044
2171;2020-08-15 11:00:00;301.45242
2172;2020-08-15 12:00:00;303.2715
2173;2020-08-15 13:00:00;303.6648
2174;2020-08-15 14:00:00;304.29807
2175;2020-08-15 15:00:00;303.12247
2176;2020-08-15 16:00:00;302.47272
2177;2020-08-15 17:00:00;301.72266
2178;2020-08-15 18:00:00;299.65704
2179;2020-08-15 19:00:00;297.68472
2180;2020-08-15 20:00:00;296.31613
2181;2020-08-15 21:00:00;296.02866
2182;2020-08-15 22:00:00;295.13745
2183;2020-08-15 23:00:00;294.0902
2184;2020-08-16 00:00:00;293.1135
2185;2020-08-16 01:00:00;292.4505
2186;2020-08-16 02:00:00;292.23303
2187;2020-08-16 03:00:00;292.02286
2188;2020-08-16 04:00:00;292.36908
2189;2020-08-16 05:00:00;292.49826
2190;2020-08-16 06:00:00;293.17462
2191;2020-08-16 07:00:00;294.78262
2192;2020-08-16 08:00:00;297.24487
2193;2020-08-16 09:00:00;300.3939
2194;2020-08-16 10:00:00;301.48984
2195;2020-08-16 11:00:00;302.8547
2196;2020-08-16 12:00:00;303.3057
2197;2020-08-16 13:00:00;304.15094
2198;2020-08-16 14:00:00;304.3174
2199;2020-08-16 15:00:00;303.40442
2200;2020-08-16 16:00:00;302.24146
2201;2020-08-16 17:00:00;301.97208
2202;2020-08-16 18:00:00;300.74286
2203;2020-08-16 19:00:00;299.29297
2204;2020-08-16 20:00:00;298.36743
2205;2020-08-16 21:00:00;297.5944
2206;2020-08-16 22:00:00;296.82895
2207;2020-08-16 23:00:00;295.88852
2208;2020-08-17 00:00:00;294.97552
2209;2020-08-17 01:00:00;294.33755
2210;2020-08-17 02:00:00;293.62723
2211;2020-08-17 03:00:00;292.8382
2212;2020-08-17 04:00:00;292.34866
2213;2020-08-17 05:00:00;292.22675
2214;2020-08-17 06:00:00;292.461
2215;2020-08-17 07:00:00;293.457
2216;2020-08-17 08:00:00;295.37793
2217;2020-08-17 09:00:00;297.75317
2218;2020-08-17 10:00:00;299.45236
2219;2020-08-17 11:00:00;300.70383
2220;2020-08-17 12:00:00;302.29306
2221;2020-08-17 13:00:00;300.29504
2222;2020-08-17 14:00:00;298.05478
2223;2020-08-17 15:00:00;296.95218
2224;2020-08-17 16:00:00;297.2427
2225;2020-08-17 17:00:00;296.73972
2226;2020-08-17 18:00:00;295.7356
2227;2020-08-17 19:00:00;295.06403
2228;2020-08-17 20:00:00;294.46692
2229;2020-08-17 21:00:00;293.9141
2230;2020-08-17 22:00:00;292.46506
2231;2020-08-17 23:00:00;292.24213
2232;2020-08-18 00:00:00;291.9349
2233;2020-08-18 01:00:00;291.9232
2234;2020-08-18 02:00:00;291.65695
2235;2020-08-18 03:00:00;291.39252
2236;2020-08-18 04:00:00;291.27097
2237;2020-08-18 05:00:00;291.0094
2238;2020-08-18 06:00:00;291.0064
2239;2020-08-18 07:00:00;292.5544
2240;2020-08-18 08:00:00;294.16083
2241;2020-08-18 09:00:00;295.49677
2242;2020-08-18 10:00:00;296.725
2243;2020-08-18 11:00:00;297.79294
2244;2020-08-18 12:00:00;297.4275
2245;2020-08-18 13:00:00;298.10715
2246;2020-08-18 14:00:00;295.0957
2247;2020-08-18 15:00:00;294.6926
2248;2020-08-18 16:00:00;294.40894
2249;2020-08-18 17:00:00;294.4985
2250;2020-08-18 18:00:00;293.89322
2251;2020-08-18 19:00:00;293.28305
2252;2020-08-18 20:00:00;293.3924
2253;2020-08-18 21:00:00;292.9027
2254;2020-08-18 22:00:00;292.61987
2255;2020-08-18 23:00:00;292.02814
2256;2020-08-19 00:00:00;291.4141
2257;2020-08-19 01:00:00;290.52325
2258;2020-08-19 02:00:00;290.0015
2259;2020-08-19 03:00:00;289.5619
2260;2020-08-19 04:00:00;289.23193
2261;2020-08-19 05:00:00;288.92587
2262;2020-08-19 06:00:00;289.5898
2263;2020-08-19 07:00:00;291.45197
2264;2020-08-19 08:00:00;293.5084
2265;2020-08-19 09:00:00;296.13742
2266;2020-08-19 10:00:00;297.21262
2267;2020-08-19 11:00:00;298.05615
2268;2020-08-19 12:00:00;298.8528
2269;2020-08-19 13:00:00;299.56372
2270;2020-08-19 14:00:00;299.89502
2271;2020-08-19 15:00:00;299.42538
2272;2020-08-19 16:00:00;298.63403
2273;2020-08-19 17:00:00;298.0252
2274;2020-08-19 18:00:00;296.9006
2275;2020-08-19 19:00:00;295.3298
2276;2020-08-19 20:00:00;294.38083
2277;2020-08-19 21:00:00;293.5673
2278;2020-08-19 22:00:00;293.1542
2279;2020-08-19 23:00:00;292.52634
2280;2020-08-20 00:00:00;292.47644
2281;2020-08-20 01:00:00;292.34918
2282;2020-08-20 02:00:00;292.01172
2283;2020-08-20 03:00:00;291.88724
2284;2020-08-20 04:00:00;291.82346
2285;2020-08-20 05:00:00;291.96698
2286;2020-08-20 06:00:00;292.4202
2287;2020-08-20 07:00:00;293.27008
2288;2020-08-20 08:00:00;293.49472
2289;2020-08-20 09:00:00;294.79602
2290;2020-08-20 10:00:00;295.70932
2291;2020-08-20 11:00:00;296.63095
2292;2020-08-20 12:00:00;299.97647
2293;2020-08-20 13:00:00;298.66058
2294;2020-08-20 14:00:00;298.51074
2295;2020-08-20 15:00:00;299.72488
2296;2020-08-20 16:00:00;299.76407
2297;2020-08-20 17:00:00;299.1579
2298;2020-08-20 18:00:00;298.40256
2299;2020-08-20 19:00:00;297.75806
2300;2020-08-20 20:00:00;296.93625
2301;2020-08-20 21:00:00;296.3126
2302;2020-08-20 22:00:00;295.85532
2303;2020-08-20 23:00:00;295.2064
2304;2020-08-21 00:00:00;294.5396
2305;2020-08-21 01:00:00;294.30405
2306;2020-08-21 02:00:00;294.68445
2307;2020-08-21 03:00:00;294.4304
2308;2020-08-21 04:00:00;294.23526
2309;2020-08-21 05:00:00;294.90442
2310;2020-08-21 06:00:00;295.40448
2311;2020-08-21 07:00:00;295.6981
2312;2020-08-21 08:00:00;296.908
2313;2020-08-21 09:00:00;295.94727
2314;2020-08-21 10:00:00;296.44156
2315;2020-08-21 11:00:00;297.72336
2316;2020-08-21 12:00:00;297.05548
2317;2020-08-21 13:00:00;296.84265
2318;2020-08-21 14:00:00;297.08102
2319;2020-08-21 15:00:00;298.75638
2320;2020-08-21 16:00:00;299.48416
2321;2020-08-21 17:00:00;299.13077
2322;2020-08-21 18:00:00;298.75073
2323;2020-08-21 19:00:00;298.05035
2324;2020-08-21 20:00:00;297.54605
2325;2020-08-21 21:00:00;297.12097
2326;2020-08-21 22:00:00;295.85953
2327;2020-08-21 23:00:00;295.2233
2328;2020-08-22 00:00:00;294.32788
2329;2020-08-22 01:00:00;293.43335
2330;2020-08-22 02:00:00;292.8373
2331;2020-08-22 03:00:00;293.095
2332;2020-08-22 04:00:00;292.46146
2333;2020-08-22 05:00:00;292.55957
2334;2020-08-22 06:00:00;292.86896
2335;2020-08-22 07:00:00;293.71255
2336;2020-08-22 08:00:00;295.57135
2337;2020-08-22 09:00:00;296.0547
2338;2020-08-22 10:00:00;297.1192
2339;2020-08-22 11:00:00;298.08463
2340;2020-08-22 12:00:00;297.75748
2341;2020-08-22 13:00:00;297.4181
2342;2020-08-22 14:00:00;297.62546
2343;2020-08-22 15:00:00;297.10202
2344;2020-08-22 16:00:00;293.8049
2345;2020-08-22 17:00:00;292.26645
2346;2020-08-22 18:00:00;291.53305
2347;2020-08-22 19:00:00;291.80002
2348;2020-08-22 20:00:00;291.57852
2349;2020-08-22 21:00:00;291.06458
2350;2020-08-22 22:00:00;290.5787
2351;2020-08-22 23:00:00;290.24835
2352;2020-08-23 00:00:00;289.6833
2353;2020-08-23 01:00:00;289.48285
2354;2020-08-23 02:00:00;289.46182
2355;2020-08-23 03:00:00;289.20486
2356;2020-08-23 04:00:00;289.01862
2357;2020-08-23 05:00:00;288.99222
2358;2020-08-23 06:00:00;289.76416
2359;2020-08-23 07:00:00;290.57825
2360;2020-08-23 08:00:00;291.06067
2361;2020-08-23 09:00:00;292.38272
2362;2020-08-23 10:00:00;293.54105
2363;2020-08-23 11:00:00;292.88644
2364;2020-08-23 12:00:00;293.29935
2365;2020-08-23 13:00:00;293.54004
2366;2020-08-23 14:00:00;292.5017
2367;2020-08-23 15:00:00;292.00186
2368;2020-08-23 16:00:00;291.31155
2369;2020-08-23 17:00:00;291.1183
2370;2020-08-23 18:00:00;290.60165
2371;2020-08-23 19:00:00;290.03864
2372;2020-08-23 20:00:00;290.0659
2373;2020-08-23 21:00:00;289.79996
2374;2020-08-23 22:00:00;289.57727
2375;2020-08-23 23:00:00;288.83118
2376;2020-08-24 00:00:00;287.82867
2377;2020-08-24 01:00:00;287.70746
2378;2020-08-24 02:00:00;288.01355
2379;2020-08-24 03:00:00;288.1015
2380;2020-08-24 04:00:00;287.90628
2381;2020-08-24 05:00:00;288.21048
2382;2020-08-24 06:00:00;288.15924
2383;2020-08-24 07:00:00;288.8863
2384;2020-08-24 08:00:00;288.5935
2385;2020-08-24 09:00:00;289.0582
2386;2020-08-24 10:00:00;289.93332
2387;2020-08-24 11:00:00;291.86017
2388;2020-08-24 12:00:00;289.49213
2389;2020-08-24 13:00:00;291.0949
2390;2020-08-24 14:00:00;290.7925
2391;2020-08-24 15:00:00;290.25797
2392;2020-08-24 16:00:00;290.33548
2393;2020-08-24 17:00:00;289.0752
2394;2020-08-24 18:00:00;288.55307
2395;2020-08-24 19:00:00;288.12134
2396;2020-08-24 20:00:00;287.8709
2397;2020-08-24 21:00:00;288.06665
2398;2020-08-24 22:00:00;287.50818
2399;2020-08-24 23:00:00;287.13608
2400;2020-08-25 00:00:00;286.3101
2401;2020-08-25 01:00:00;285.8058
2402;2020-08-25 02:00:00;285.99268
2403;2020-08-25 03:00:00;286.1408
2404;2020-08-25 04:00:00;285.65076
2405;2020-08-25 05:00:00;285.67188
2406;2020-08-25 06:00:00;285.73892
2407;2020-08-25 07:00:00;287.02264
2408;2020-08-25 08:00:00;289.00696
2409;2020-08-25 09:00:00;291.25726
2410;2020-08-25 10:00:00;292.2864
2411;2020-08-25 11:00:00;293.717
2412;2020-08-25 12:00:00;294.53458
2413;2020-08-25 13:00:00;294.1238
2414;2020-08-25 14:00:00;293.61478
2415;2020-08-25 15:00:00;291.57587
2416;2020-08-25 16:00:00;290.85812
2417;2020-08-25 17:00:00;290.0263
2418;2020-08-25 18:00:00;289.60516
2419;2020-08-25 19:00:00;289.59842
2420;2020-08-25 20:00:00;290.00354
2421;2020-08-25 21:00:00;289.98273
2422;2020-08-25 22:00:00;289.1831
2423;2020-08-25 23:00:00;288.79132
2424;2020-08-26 00:00:00;289.12643
2425;2020-08-26 01:00:00;290.0397
2426;2020-08-26 02:00:00;289.9396
2427;2020-08-26 03:00:00;289.88086
2428;2020-08-26 04:00:00;289.15384
2429;2020-08-26 05:00:00;289.13666
2430;2020-08-26 06:00:00;288.38004
2431;2020-08-26 07:00:00;288.70593
2432;2020-08-26 08:00:00;288.6367
2433;2020-08-26 09:00:00;288.335
2434;2020-08-26 10:00:00;287.91708
2435;2020-08-26 11:00:00;287.9418
2436;2020-08-26 12:00:00;288.91534
2437;2020-08-26 13:00:00;289.3831
2438;2020-08-26 14:00:00;289.98972
2439;2020-08-26 15:00:00;289.63977
2440;2020-08-26 16:00:00;290.37106
2441;2020-08-26 17:00:00;290.24646
2442;2020-08-26 18:00:00;290.32953
2443;2020-08-26 19:00:00;289.9217
2444;2020-08-26 20:00:00;289.70367
2445;2020-08-26 21:00:00;289.3311
2446;2020-08-26 22:00:00;289.14178
2447;2020-08-26 23:00:00;289.56277
2448;2020-08-27 00:00:00;289.41342
2449;2020-08-27 01:00:00;288.92838
2450;2020-08-27 02:00:00;288.38058
2451;2020-08-27 03:00:00;287.81677
2452;2020-08-27 04:00:00;287.30533
2453;2020-08-27 05:00:00;287.09216
2454;2020-08-27 06:00:00;287.2238
2455;2020-08-27 07:00:00;288.02878
2456;2020-08-27 08:00:00;288.89883
2457;2020-08-27 09:00:00;288.79163
2458;2020-08-27 10:00:00;290.99356
2459;2020-08-27 11:00:00;291.71783
2460;2020-08-27 12:00:00;292.38022
2461;2020-08-27 13:00:00;292.46353
2462;2020-08-27 14:00:00;292.2565
2463;2020-08-27 15:00:00;291.54846
2464;2020-08-27 16:00:00;290.9511
2465;2020-08-27 17:00:00;290.47644
2466;2020-08-27 18:00:00;288.89822
2467;2020-08-27 19:00:00;288.061
2468;2020-08-27 20:00:00;287.6293
2469;2020-08-27 21:00:00;287.0663
2470;2020-08-27 22:00:00;286.65463
2471;2020-08-27 23:00:00;286.41208
2472;2020-08-28 00:00:00;285.9952
2473;2020-08-28 01:00:00;286.02307
2474;2020-08-28 02:00:00;285.89386
2475;2020-08-28 03:00:00;286.0271
2476;2020-08-28 04:00:00;286.1206
2477;2020-08-28 05:00:00;285.69388
2478;2020-08-28 06:00:00;286.6254
2479;2020-08-28 07:00:00;286.5697
2480;2020-08-28 08:00:00;287.08362
2481;2020-08-28 09:00:00;287.73294
2482;2020-08-28 10:00:00;289.06793
2483;2020-08-28 11:00:00;292.05167
2484;2020-08-28 12:00:00;292.03085
2485;2020-08-28 13:00:00;293.45798
2486;2020-08-28 14:00:00;293.9165
2487;2020-08-28 15:00:00;294.0808
2488;2020-08-28 16:00:00;293.81363
2489;2020-08-28 17:00:00;292.95282
2490;2020-08-28 18:00:00;291.7979
2491;2020-08-28 19:00:00;290.54706
2492;2020-08-28 20:00:00;289.85577
2493;2020-08-28 21:00:00;289.5711
2494;2020-08-28 22:00:00;289.23047
2495;2020-08-28 23:00:00;288.4329
2496;2020-08-29 00:00:00;287.58395
2497;2020-08-29 01:00:00;287.47296
2498;2020-08-29 02:00:00;287.4922
2499;2020-08-29 03:00:00;287.25098
2500;2020-08-29 04:00:00;286.8055
2501;2020-08-29 05:00:00;287.3197
2502;2020-08-29 06:00:00;287.1388
2503;2020-08-29 07:00:00;288.0674
2504;2020-08-29 08:00:00;289.4549
2505;2020-08-29 09:00:00;291.28583
2506;2020-08-29 10:00:00;292.2576
2507;2020-08-29 11:00:00;292.37753
2508;2020-08-29 12:00:00;293.08273
2509;2020-08-29 13:00:00;293.0703
2510;2020-08-29 14:00:00;293.76956
2511;2020-08-29 15:00:00;293.5974
2512;2020-08-29 16:00:00;293.10864
2513;2020-08-29 17:00:00;292.6001
2514;2020-08-29 18:00:00;291.4851
2515;2020-08-29 19:00:00;290.58356
2516;2020-08-29 20:00:00;289.64767
2517;2020-08-29 21:00:00;288.9682
2518;2020-08-29 22:00:00;288.37064
2519;2020-08-29 23:00:00;288.00262
2520;2020-08-30 00:00:00;287.34372
2521;2020-08-30 01:00:00;286.48267
2522;2020-08-30 02:00:00;286.04486
2523;2020-08-30 03:00:00;285.92145
2524;2020-08-30 04:00:00;286.19736
2525;2020-08-30 05:00:00;285.39832
2526;2020-08-30 06:00:00;286.08124
2527;2020-08-30 07:00:00;287.83633
2528;2020-08-30 08:00:00;289.93973
2529;2020-08-30 09:00:00;291.97458
2530;2020-08-30 10:00:00;293.5931
2531;2020-08-30 11:00:00;294.82016
2532;2020-08-30 12:00:00;295.2106
2533;2020-08-30 13:00:00;295.57355
2534;2020-08-30 14:00:00;295.4364
2535;2020-08-30 15:00:00;295.33893
2536;2020-08-30 16:00:00;294.1029
2537;2020-08-30 17:00:00;292.93787
2538;2020-08-30 18:00:00;291.5279
2539;2020-08-30 19:00:00;290.0783
2540;2020-08-30 20:00:00;289.58722
2541;2020-08-30 21:00:00;288.158
2542;2020-08-30 22:00:00;287.5557
2543;2020-08-30 23:00:00;287.29227
2544;2020-08-31 00:00:00;286.98218
2545;2020-08-31 01:00:00;286.6439
2546;2020-08-31 02:00:00;286.52127
2547;2020-08-31 03:00:00;286.787
2548;2020-08-31 04:00:00;286.4035
2549;2020-08-31 05:00:00;286.3186
2550;2020-08-31 06:00:00;286.71027
2551;2020-08-31 07:00:00;287.6088
2552;2020-08-31 08:00:00;288.48047
2553;2020-08-31 09:00:00;289.71423
2554;2020-08-31 10:00:00;290.84665
2555;2020-08-31 11:00:00;290.39764
2556;2020-08-31 12:00:00;292.1678
2557;2020-08-31 13:00:00;292.0138
2558;2020-08-31 14:00:00;292.5963
2559;2020-08-31 15:00:00;292.2924
2560;2020-08-31 16:00:00;291.9234
2561;2020-08-31 17:00:00;291.06055
2562;2020-08-31 18:00:00;290.38785
2563;2020-08-31 19:00:00;289.89603
2564;2020-08-31 20:00:00;289.35562
2565;2020-08-31 21:00:00;288.62015
2566;2020-08-31 22:00:00;288.21274
2567;2020-08-31 23:00:00;287.7318
2568;2020-09-01 00:00:00;287.28708
2569;2020-09-01 01:00:00;286.4705
2570;2020-09-01 02:00:00;285.93274
2571;2020-09-01 03:00:00;284.7289
2572;2020-09-01 04:00:00;284.04105
2573;2020-09-01 05:00:00;282.9272
2574;2020-09-01 06:00:00;283.21854
2575;2020-09-01 07:00:00;284.75226
2576;2020-09-01 08:00:00;287.18423
2577;2020-09-01 09:00:00;290.13727
2578;2020-09-01 10:00:00;291.43655
2579;2020-09-01 11:00:00;292.65002
2580;2020-09-01 12:00:00;292.73846
2581;2020-09-01 13:00:00;293.2748
2582;2020-09-01 14:00:00;293.1447
2583;2020-09-01 15:00:00;292.44412
2584;2020-09-01 16:00:00;291.49686
2585;2020-09-01 17:00:00;290.0943
2586;2020-09-01 18:00:00;288.58798
2587;2020-09-01 19:00:00;287.0636
2588;2020-09-01 20:00:00;286.01352
2589;2020-09-01 21:00:00;285.2505
2590;2020-09-01 22:00:00;284.8676
2591;2020-09-01 23:00:00;284.25586
2592;2020-09-02 00:00:00;284.05823
2593;2020-09-02 01:00:00;284.37112
2594;2020-09-02 02:00:00;284.5313
2595;2020-09-02 03:00:00;284.67673
2596;2020-09-02 04:00:00;284.95828
2597;2020-09-02 05:00:00;285.1525
2598;2020-09-02 06:00:00;285.37424
2599;2020-09-02 07:00:00;286.88544
2600;2020-09-02 08:00:00;288.83957
2601;2020-09-02 09:00:00;290.9844
2602;2020-09-02 10:00:00;292.26077
2603;2020-09-02 11:00:00;293.46533
2604;2020-09-02 12:00:00;293.09537
2605;2020-09-02 13:00:00;293.93747
2606;2020-09-02 14:00:00;293.8801
2607;2020-09-02 15:00:00;293.6751
2608;2020-09-02 16:00:00;292.5774
2609;2020-09-02 17:00:00;291.381
2610;2020-09-02 18:00:00;289.98273
2611;2020-09-02 19:00:00;288.4762
2612;2020-09-02 20:00:00;287.5786
2613;2020-09-02 21:00:00;286.61255
2614;2020-09-02 22:00:00;285.8785
2615;2020-09-02 23:00:00;285.4203
2616;2020-09-03 00:00:00;284.0668
2617;2020-09-03 01:00:00;284.14133
2618;2020-09-03 02:00:00;283.32233
2619;2020-09-03 03:00:00;283.23077
2620;2020-09-03 04:00:00;283.3395
2621;2020-09-03 05:00:00;282.68683
2622;2020-09-03 06:00:00;283.4882
2623;2020-09-03 07:00:00;285.63672
2624;2020-09-03 08:00:00;288.51172
2625;2020-09-03 09:00:00;291.1114
2626;2020-09-03 10:00:00;291.2815
2627;2020-09-03 11:00:00;290.40015
2628;2020-09-03 12:00:00;289.5032
2629;2020-09-03 13:00:00;289.86545
2630;2020-09-03 14:00:00;289.04538
2631;2020-09-03 15:00:00;288.3384
2632;2020-09-03 16:00:00;287.7454
2633;2020-09-03 17:00:00;287.57077
2634;2020-09-03 18:00:00;287.1761
2635;2020-09-03 19:00:00;287.21506
2636;2020-09-03 20:00:00;287.20187
2637;2020-09-03 21:00:00;287.68988
2638;2020-09-03 22:00:00;287.9772
2639;2020-09-03 23:00:00;287.85086
2640;2020-09-04 00:00:00;288.09473
2641;2020-09-04 01:00:00;288.47873
2642;2020-09-04 02:00:00;288.3425
2643;2020-09-04 03:00:00;288.24942
2644;2020-09-04 04:00:00;287.81268
2645;2020-09-04 05:00:00;287.3948
2646;2020-09-04 06:00:00;287.40494
2647;2020-09-04 07:00:00;288.12903
2648;2020-09-04 08:00:00;289.28006
2649;2020-09-04 09:00:00;290.095
2650;2020-09-04 10:00:00;290.9245
2651;2020-09-04 11:00:00;292.2755
2652;2020-09-04 12:00:00;293.11743
2653;2020-09-04 13:00:00;293.09808
2654;2020-09-04 14:00:00;294.02094
2655;2020-09-04 15:00:00;293.6694
2656;2020-09-04 16:00:00;292.77747
2657;2020-09-04 17:00:00;291.31845
2658;2020-09-04 18:00:00;290.26178
2659;2020-09-04 19:00:00;289.54547
2660;2020-09-04 20:00:00;289.15833
2661;2020-09-04 21:00:00;288.98004
2662;2020-09-04 22:00:00;288.40598
2663;2020-09-04 23:00:00;288.19513
2664;2020-09-05 00:00:00;287.96207
2665;2020-09-05 01:00:00;287.5578
2666;2020-09-05 02:00:00;287.31082
2667;2020-09-05 03:00:00;287.36023
2668;2020-09-05 04:00:00;287.1564
2669;2020-09-05 05:00:00;286.87756
2670;2020-09-05 06:00:00;285.95688
2671;2020-09-05 07:00:00;286.52618
2672;2020-09-05 08:00:00;287.30515
2673;2020-09-05 09:00:00;288.55646
2674;2020-09-05 10:00:00;290.3145
2675;2020-09-05 11:00:00;291.2758
2676;2020-09-05 12:00:00;292.077
2677;2020-09-05 13:00:00;290.60385
2678;2020-09-05 14:00:00;290.44067
2679;2020-09-05 15:00:00;289.33063
2680;2020-09-05 16:00:00;288.96738
2681;2020-09-05 17:00:00;288.76807
2682;2020-09-05 18:00:00;287.86505
2683;2020-09-05 19:00:00;287.24536
2684;2020-09-05 20:00:00;287.05417
2685;2020-09-05 21:00:00;285.8955
2686;2020-09-05 22:00:00;285.48334
2687;2020-09-05 23:00:00;285.33368
2688;2020-09-06 00:00:00;284.16376
2689;2020-09-06 01:00:00;284.19858
2690;2020-09-06 02:00:00;284.1472
2691;2020-09-06 03:00:00;284.15335
2692;2020-09-06 04:00:00;284.20932
2693;2020-09-06 05:00:00;284.18204
2694;2020-09-06 06:00:00;284.34216
2695;2020-09-06 07:00:00;285.26135
2696;2020-09-06 08:00:00;286.22577
2697;2020-09-06 09:00:00;287.43103
2698;2020-09-06 10:00:00;288.49606
2699;2020-09-06 11:00:00;288.76498
2700;2020-09-06 12:00:00;288.52667
2701;2020-09-06 13:00:00;289.56857
2702;2020-09-06 14:00:00;289.77496
2703;2020-09-06 15:00:00;288.3594
2704;2020-09-06 16:00:00;287.60126
2705;2020-09-06 17:00:00;287.1105
2706;2020-09-06 18:00:00;286.85248
2707;2020-09-06 19:00:00;286.07855
2708;2020-09-06 20:00:00;285.95596
2709;2020-09-06 21:00:00;285.69193
2710;2020-09-06 22:00:00;285.69135
2711;2020-09-06 23:00:00;285.56653
2712;2020-09-07 00:00:00;285.6807
2713;2020-09-07 01:00:00;285.60693
2714;2020-09-07 02:00:00;285.51736
2715;2020-09-07 03:00:00;285.1973
2716;2020-09-07 04:00:00;285.22858
2717;2020-09-07 05:00:00;285.13593
2718;2020-09-07 06:00:00;285.26306
2719;2020-09-07 07:00:00;285.54218
2720;2020-09-07 08:00:00;287.09155
2721;2020-09-07 09:00:00;287.74512
2722;2020-09-07 10:00:00;289.5818
2723;2020-09-07 11:00:00;290.9354
2724;2020-09-07 12:00:00;290.9982
2725;2020-09-07 13:00:00;291.08575
2726;2020-09-07 14:00:00;291.30096
2727;2020-09-07 15:00:00;291.0945
2728;2020-09-07 16:00:00;290.71918
2729;2020-09-07 17:00:00;289.8919
2730;2020-09-07 18:00:00;288.7974
2731;2020-09-07 19:00:00;288.19992
2732;2020-09-07 20:00:00;287.5862
2733;2020-09-07 21:00:00;287.1505
2734;2020-09-07 22:00:00;286.37265
2735;2020-09-07 23:00:00;285.44794
2736;2020-09-08 00:00:00;285.56363
2737;2020-09-08 01:00:00;285.44922
2738;2020-09-08 02:00:00;285.53015
2739;2020-09-08 03:00:00;285.98172
2740;2020-09-08 04:00:00;286.4783
2741;2020-09-08 05:00:00;286.6565
2742;2020-09-08 06:00:00;286.9797
2743;2020-09-08 07:00:00;287.11572
2744;2020-09-08 08:00:00;287.0854
2745;2020-09-08 09:00:00;287.6155
2746;2020-09-08 10:00:00;288.40408
2747;2020-09-08 11:00:00;289.54175
2748;2020-09-08 12:00:00;291.7236
2749;2020-09-08 13:00:00;292.6788
2750;2020-09-08 14:00:00;292.75397
2751;2020-09-08 15:00:00;292.89728
2752;2020-09-08 16:00:00;292.36673
2753;2020-09-08 17:00:00;291.85483
2754;2020-09-08 18:00:00;290.95187
2755;2020-09-08 19:00:00;290.51453
2756;2020-09-08 20:00:00;290.1395
2757;2020-09-08 21:00:00;289.61465
2758;2020-09-08 22:00:00;289.54898
2759;2020-09-08 23:00:00;289.30832
2760;2020-09-09 00:00:00;289.2482
2761;2020-09-09 01:00:00;289.32352
2762;2020-09-09 02:00:00;289.32306
2763;2020-09-09 03:00:00;289.45743
2764;2020-09-09 04:00:00;289.5694
2765;2020-09-09 05:00:00;289.73505
2766;2020-09-09 06:00:00;290.00787
2767;2020-09-09 07:00:00;290.09357
2768;2020-09-09 08:00:00;291.12994
2769;2020-09-09 09:00:00;291.93677
2770;2020-09-09 10:00:00;292.1744
2771;2020-09-09 11:00:00;291.715
2772;2020-09-09 12:00:00;292.97318
2773;2020-09-09 13:00:00;293.6555
2774;2020-09-09 14:00:00;293.1438
2775;2020-09-09 15:00:00;291.69424
2776;2020-09-09 16:00:00;290.934
2777;2020-09-09 17:00:00;290.2532
2778;2020-09-09 18:00:00;289.8561
2779;2020-09-09 19:00:00;289.73813
2780;2020-09-09 20:00:00;288.4718
2781;2020-09-09 21:00:00;286.99435
2782;2020-09-09 22:00:00;285.7294
2783;2020-09-09 23:00:00;285.17633
2784;2020-09-10 00:00:00;284.80777
2785;2020-09-10 01:00:00;284.2516
2786;2020-09-10 02:00:00;283.54916
2787;2020-09-10 03:00:00;283.40475
2788;2020-09-10 04:00:00;282.85764
2789;2020-09-10 05:00:00;283.1322
2790;2020-09-10 06:00:00;283.99725
2791;2020-09-10 07:00:00;285.2972
2792;2020-09-10 08:00:00;287.22223
2793;2020-09-10 09:00:00;289.3016
2794;2020-09-10 10:00:00;290.46747
2795;2020-09-10 11:00:00;291.41226
2796;2020-09-10 12:00:00;292.16263
2797;2020-09-10 13:00:00;291.42755
2798;2020-09-10 14:00:00;291.5509
2799;2020-09-10 15:00:00;290.60898
2800;2020-09-10 16:00:00;289.97272
2801;2020-09-10 17:00:00;288.5994
2802;2020-09-10 18:00:00;286.937
2803;2020-09-10 19:00:00;285.98428
2804;2020-09-10 20:00:00;284.8158
2805;2020-09-10 21:00:00;284.0875
2806;2020-09-10 22:00:00;284.32587
2807;2020-09-10 23:00:00;284.13626
2808;2020-09-11 00:00:00;283.45093
2809;2020-09-11 01:00:00;283.98532
2810;2020-09-11 02:00:00;283.07034
2811;2020-09-11 03:00:00;282.4349
2812;2020-09-11 04:00:00;282.52408
2813;2020-09-11 05:00:00;282.30832
2814;2020-09-11 06:00:00;283.0269
2815;2020-09-11 07:00:00;283.99652
2816;2020-09-11 08:00:00;285.84882
2817;2020-09-11 09:00:00;289.04614
2818;2020-09-11 10:00:00;290.2895
2819;2020-09-11 11:00:00;291.4406
2820;2020-09-11 12:00:00;292.76572
2821;2020-09-11 13:00:00;292.58066
2822;2020-09-11 14:00:00;292.56894
2823;2020-09-11 15:00:00;292.16766
2824;2020-09-11 16:00:00;291.38544
2825;2020-09-11 17:00:00;290.56616
2826;2020-09-11 18:00:00;288.8638
2827;2020-09-11 19:00:00;288.12064
2828;2020-09-11 20:00:00;287.54678
2829;2020-09-11 21:00:00;287.00122
2830;2020-09-11 22:00:00;286.43686
2831;2020-09-11 23:00:00;286.11707
2832;2020-09-12 00:00:00;285.65503
2833;2020-09-12 01:00:00;285.59814
2834;2020-09-12 02:00:00;285.231
2835;2020-09-12 03:00:00;284.8075
2836;2020-09-12 04:00:00;284.96667
2837;2020-09-12 05:00:00;283.88577
2838;2020-09-12 06:00:00;283.72675
2839;2020-09-12 07:00:00;286.15378
2840;2020-09-12 08:00:00;288.0365
2841;2020-09-12 09:00:00;289.63083
2842;2020-09-12 10:00:00;291.24536
2843;2020-09-12 11:00:00;292.25784
2844;2020-09-12 12:00:00;292.87256
2845;2020-09-12 13:00:00;291.95963
2846;2020-09-12 14:00:00;291.4609
2847;2020-09-12 15:00:00;291.38235
2848;2020-09-12 16:00:00;291.2165
2849;2020-09-12 17:00:00;290.64383
2850;2020-09-12 18:00:00;289.5087
2851;2020-09-12 19:00:00;288.92447
2852;2020-09-12 20:00:00;287.9089
2853;2020-09-12 21:00:00;286.67538
2854;2020-09-12 22:00:00;286.01437
2855;2020-09-12 23:00:00;285.33295
2856;2020-09-13 00:00:00;284.6115
2857;2020-09-13 01:00:00;284.40726
2858;2020-09-13 02:00:00;283.95798
2859;2020-09-13 03:00:00;284.4142
2860;2020-09-13 04:00:00;284.74982
2861;2020-09-13 05:00:00;284.81772
2862;2020-09-13 06:00:00;285.57205
2863;2020-09-13 07:00:00;286.8578
2864;2020-09-13 08:00:00;288.75107
2865;2020-09-13 09:00:00;290.84122
2866;2020-09-13 10:00:00;292.2331
2867;2020-09-13 11:00:00;293.751
2868;2020-09-13 12:00:00;295.13828
2869;2020-09-13 13:00:00;295.62952
2870;2020-09-13 14:00:00;295.79855
2871;2020-09-13 15:00:00;295.27258
2872;2020-09-13 16:00:00;294.43243
2873;2020-09-13 17:00:00;293.02103
2874;2020-09-13 18:00:00;291.64044
2875;2020-09-13 19:00:00;290.50626
2876;2020-09-13 20:00:00;289.93918
2877;2020-09-13 21:00:00;289.13214
2878;2020-09-13 22:00:00;288.56622
2879;2020-09-13 23:00:00;288.26233
2880;2020-09-14 00:00:00;287.59613
2881;2020-09-14 01:00:00;287.38065
2882;2020-09-14 02:00:00;286.7581
2883;2020-09-14 03:00:00;286.8634
2884;2020-09-14 04:00:00;287.49945
2885;2020-09-14 05:00:00;286.71176
2886;2020-09-14 06:00:00;286.9426
2887;2020-09-14 07:00:00;288.54123
2888;2020-09-14 08:00:00;290.68576
2889;2020-09-14 09:00:00;293.32523
2890;2020-09-14 10:00:00;295.66656
2891;2020-09-14 11:00:00;297.31693
2892;2020-09-14 12:00:00;298.67905
2893;2020-09-14 13:00:00;299.32584
2894;2020-09-14 14:00:00;299.48154
2895;2020-09-14 15:00:00;299.7516
2896;2020-09-14 16:00:00;298.40964
2897;2020-09-14 17:00:00;296.66818
2898;2020-09-14 18:00:00;295.86395
2899;2020-09-14 19:00:00;294.39108
2900;2020-09-14 20:00:00;292.94513
2901;2020-09-14 21:00:00;292.47357
2902;2020-09-14 22:00:00;291.4633
2903;2020-09-14 23:00:00;291.23737
2904;2020-09-15 00:00:00;290.67764
2905;2020-09-15 01:00:00;290.0422
2906;2020-09-15 02:00:00;289.88693
2907;2020-09-15 03:00:00;288.98883
2908;2020-09-15 04:00:00;288.75235
2909;2020-09-15 05:00:00;288.41138
2910;2020-09-15 06:00:00;288.63113
2911;2020-09-15 07:00:00;290.18735
2912;2020-09-15 08:00:00;292.51663
2913;2020-09-15 09:00:00;295.03958
2914;2020-09-15 10:00:00;297.2145
2915;2020-09-15 11:00:00;299.05258
2916;2020-09-15 12:00:00;301.1597
2917;2020-09-15 13:00:00;301.18167
2918;2020-09-15 14:00:00;301.7088
2919;2020-09-15 15:00:00;301.11713
2920;2020-09-15 16:00:00;299.56726
2921;2020-09-15 17:00:00;298.28503
2922;2020-09-15 18:00:00;296.39667
2923;2020-09-15 19:00:00;295.23203
2924;2020-09-15 20:00:00;293.62454
2925;2020-09-15 21:00:00;292.3764
2926;2020-09-15 22:00:00;291.68872
2927;2020-09-15 23:00:00;291.3602
2928;2020-09-16 00:00:00;290.79364
2929;2020-09-16 01:00:00;291.50272
2930;2020-09-16 02:00:00;290.48245
2931;2020-09-16 03:00:00;289.9127
2932;2020-09-16 04:00:00;289.3953
2933;2020-09-16 05:00:00;288.8306
2934;2020-09-16 06:00:00;289.6143
2935;2020-09-16 07:00:00;290.64053
2936;2020-09-16 08:00:00;292.42178
2937;2020-09-16 09:00:00;294.3095
2938;2020-09-16 10:00:00;295.27097
2939;2020-09-16 11:00:00;296.1143
2940;2020-09-16 12:00:00;294.3539
2941;2020-09-16 13:00:00;296.11877
2942;2020-09-16 14:00:00;296.4132
2943;2020-09-16 15:00:00;295.26984
2944;2020-09-16 16:00:00;293.69064
2945;2020-09-16 17:00:00;291.95386
2946;2020-09-16 18:00:00;289.12378
2947;2020-09-16 19:00:00;287.25903
2948;2020-09-16 20:00:00;286.0465
2949;2020-09-16 21:00:00;285.04346
2950;2020-09-16 22:00:00;284.0919
2951;2020-09-16 23:00:00;283.41077
